p15ex_A01 7.5257503253924 0.150480851653199 7.52640709612665 0.137111481190635 0.989522794618991 2000.64326222686 698667.000577398 1927.99733031342 446892.656257342 0.968238558598208 5065 0.0665538
p15ex_A02 8.06914734206036 0.0802639630885977 8.06846069610324 0.0752976872075233 0.995950805311763 3324.68157288981 958505.936016629 3257.9135159482 690718.623808917 0.972512987216525 5045 0.0321653
p15ex_A03 8.15382468645115 0.134177942100422 8.1521686430141 0.126236433249171 0.994007022254934 3727.37510436178 2329359.8366049 3493.86663662989 1170219.48496383 0.930259958616324 5005 0.0863522
p15ex_A04 8.23740208807081 0.0801417171730066 8.23956976759935 0.0704812719982383 0.987809972888065 3931.89572415569 1283689.33208872 3858.00172162003 944760.301926473 0.968319142141067 5098 0.0337457
p15ex_A05 7.26360930234229 0.147331872317466 7.26663850154082 0.136997931027258 0.984188821224746 1534.83759892687 363586.061733241 1475.73873618577 248142.473275816 0.949730153354836 5017 0.0488288
p15ex_A06 8.41320965952121 0.120915269896187 8.40703950097725 0.105559339359443 0.989566358995936 4806.45692335052 3959475.46470632 4543.48814659847 1826604.22075648 0.952551577296956 5062 0.074218
p15ex_A07 8.22218935464192 0.112764003366919 8.21692417832056 0.10357733205578 0.98715826085414 3948.93675286223 2242911.01744608 3809.54354921444 1360806.26896338 0.967875667232661 5115 0.0660489
p15ex_A08 7.98393282686553 0.0697254510533156 7.98582106614217 0.066216313066815 0.987427179348356 3035.80989562407 637800.467404444 3000.19583649959 540568.857198523 0.973563331405688 5169 0.0196411
p15ex_A09 5.71841222585254 0.256838878160963 5.7286889697184 0.227125478053015 0.991297780950078 342.875270258491 30097.4433312184 336.159262462566 23560.0911419052 0.988814011901804 5067 0.0634684
p15ex_A10 7.48742007450061 0.32900979149403 7.47914336592672 0.295971372272196 0.979032440941123 2134.46673404561 2407385.92242301 1790.47647014181 656131.092102183 0.908570197381943 5080 0.222437
p15ex_A11 7.34444335035567 0.215032670537987 7.3337605293477 0.179335368247406 0.973053583828537 1738.13386725641 1047767.23096416 1589.84817357258 380751.826457347 0.950628266783121 5043 0.0960096
p15ex_A12 7.34108406000498 0.173895424755059 7.33001467399653 0.142348563456541 0.966291058946659 1690.76509541314 701833.476898026 1578.23525364622 304825.817950717 0.950544438007797 5026 0.0587579
p15ex_B01 7.55487551898841 0.156319829043078 7.55604473613178 0.148936125752182 0.993135246144802 2066.04043714346 748651.409142147 1951.76661546707 444521.812848602 0.933788360869816 5099 0.0801944
p15ex_B02 7.55054577791562 0.0964515928340717 7.55225678476974 0.0928605704719998 0.997292754027518 1991.80998110638 360332.82647291 1981.73154681672 335257.6775184 0.992800234954488 5004 0.0238889
p15ex_B03 6.23164622149842 0.220378490338447 6.23762032572399 0.204685647764699 0.982795310712676 565.477947471711 70922.1379170886 542.276157312747 50073.8990322207 0.957234907380104 5099 0.0309477
p15ex_B04 7.29618925801177 0.198293982650043 7.29039008337414 0.168054494665725 0.966221245929074 1635.49173341001 729778.097580263 1518.30041129243 330031.166077135 0.946917167934572 5054 0.0816224
p15ex_B05 7.33220222061604 0.134095269104648 7.33456018241794 0.126702456007382 0.99078544604092 1632.7654076263 368440.794715515 1586.63035355223 274288.631080132 0.959850711055098 5030 0.0434332
p15ex_B06 6.94546537763532 0.197924912344668 6.95213410392273 0.182873508177447 0.981277602864284 1142.89345792428 262853.569784594 1078.57241947039 165693.935512308 0.926509246700815 5105 0.0694602
p15ex_B07 7.15777771073743 0.264520870072495 7.15763869507961 0.250996642649371 0.988210431815029 1470.34276551859 722635.262241428 1331.36862482587 339302.650969747 0.933191760273614 5115 0.154536
p15ex_B08 7.27529731083774 0.275112092310223 7.27552454925168 0.262896502015082 0.991243637593316 1656.09052739629 894133.660400352 1562.76539191544 532977.416635896 0.964704473760749 5106 0.17538
p15ex_B09 8.22347140458109 0.115854317428159 8.20998311172579 0.0920158943205866 0.971512329217584 3971.98748460817 2904534.93872899 3776.94931477341 1204251.54766481 0.964403842176621 5002 0.0542413
p15ex_B10 7.2346856915378 0.2285335841026 7.218915478214 0.192822402720147 0.968973325414443 1570.80519885243 901582.204535914 1403.33344120952 301756.168585186 0.932000611285232 5112 0.101087
p15ex_B11 7.60688140460086 0.100146618127773 7.60951767153907 0.0905424003266746 0.978756285813756 2114.0013967969 460677.144485327 2060.93553630667 338036.853724096 0.954749274686324 5143 0.0249786
p15ex_B12 6.41093438194431 0.203852094912257 6.41424549982026 0.194325703022784 0.992451622237107 670.835118603352 91144.54159982 652.647561891156 69468.2393701395 0.976770738085731 5015 0.0333059
p15ex_C01 7.42404538763962 0.133899502979865 7.42408489823325 0.122791430593082 0.988507629034321 1791.62503270688 480545.549282799 1735.7277340311 318338.665613619 0.970747363280851 5096 0.0456614
p15ex_C02 6.81714665577905 0.337881691309633 6.80687380227442 0.304342337835222 0.971364805972413 1091.63757227122 593087.301770864 938.693492908461 195005.652049958 0.917600598027631 5002 0.178116
p15ex_C03 7.47753014982018 0.0947412262141185 7.48211267431253 0.0884421715888949 0.990769923416919 1850.04828486247 303093.259291569 1832.97144488084 270084.522507052 0.978141385883736 5077 0.0150973
p15ex_C04 7.90251614324855 0.134620894094908 7.89917573549105 0.120660126503474 0.991063597511035 2897.02031287526 1426432.47271498 2782.8537330526 806942.274158149 0.969527083992502 5079 0.0702091
p15ex_C05 8.25058777157165 0.0894948926468118 8.24652560405267 0.0820374769019371 0.988140664348958 4011.40995866971 1733614.32952369 3900.80022106292 1138894.96577976 0.968862713767476 5121 0.0455423
p15ex_C06 8.40267496068397 0.10808950961939 8.40123170971996 0.0911140177862669 0.978721455631372 4710.71104694991 2847979.12765127 4540.52484449382 1649698.95091441 0.96159831175926 5021 0.0595989
p15ex_C07 7.42366620402399 0.140830364683453 7.4237620942959 0.133907162910687 0.991725694010602 1798.05826571529 510855.039844476 1728.25352980435 334246.001058231 0.959004608620552 5084 0.0567557
p15ex_C08 8.01795682467184 0.113954017280491 8.00623724815352 0.0922029131360917 0.976074068021337 3233.09898044792 2072250.75095949 3085.99842517186 815266.832069702 0.971397474024015 5026 0.0465008
p15ex_C09 7.84183001133715 0.190201750046825 7.82989713814009 0.163478432249707 0.979481976046172 2825.9434132533 2565040.59176997 2597.55531977356 939572.348860398 0.951492007777594 5136 0.109723
p15ex_C10 8.46783185206389 0.11483996877476 8.45899923619679 0.0920387727430407 0.98569081740865 5057.78569395563 4315716.23433927 4817.9140913768 1904975.9402548 0.963393654368429 5145 0.0622131
p15ex_C11 7.41530837406617 0.160178025977316 7.41046034341506 0.140215249166622 0.98154730514905 1804.95692207725 691739.439406164 1714.79966039216 353724.342560424 0.962440547542407 5078 0.0621744
p15ex_C12 6.83610717555081 0.227646021493818 6.84214179987101 0.211971405181165 0.98170599377506 1039.79679261205 255007.109767016 971.062400353049 155278.721101097 0.920386453105543 5083 0.0889026
p15ex_D01 7.31817412570057 0.243387367213124 7.30319452432556 0.205480262618853 0.977944472178498 1725.86411556039 1326131.77810989 1530.77360584499 374292.626011493 0.936516160940958 5114 0.119974
p15ex_D02 7.89748401603086 0.167787324913107 7.87674181200911 0.12978055497974 0.975529549385187 2959.00063941277 2698354.89164952 2697.54924462415 791576.507443421 0.945665150493718 5127 0.0782799
p15ex_D03 7.33396885420859 0.131512241534821 7.33563271558501 0.126875657279253 0.994771077740645 1633.3787397711 358265.649807638 1590.21615632172 268415.561718474 0.964436756716318 5009 0.0436821
p15ex_D04 7.44735291334055 0.211424944761916 7.44338593894438 0.199282636414341 0.991514650572505 1917.16052976001 1069720.4129957 1743.75584074614 451587.973129511 0.929564752580363 5010 0.123429
p15ex_D05 8.52829945576039 0.152764353090191 8.50168406507309 0.110300473816225 0.968464102112357 5529.22164102794 9318402.08504083 5017.34816450986 2440757.37343181 0.942283741404898 5012 0.0816676
p15ex_D06 6.83266719453556 0.298418549356462 6.83429013091188 0.285454401886139 0.990923796333944 1077.8252417083 421185.726113666 983.719529011047 213959.85978675 0.941931610025698 5001 0.161685
p15ex_D07 7.73472479513371 0.110958129640196 7.73612146920285 0.105665958138143 0.994006025135056 2416.42906927228 695236.502998437 2330.98490580011 464719.254876455 0.945472751605053 5014 0.0471334
p15ex_D08 6.96365929961474 0.357684144024731 6.95902997204385 0.334049261814264 0.984364365224877 1277.59681031287 867965.051013587 1062.09694414576 244452.156471579 0.89652464898127 5002 0.22123
p15ex_D09 7.59533852306874 0.149555847733801 7.59135226847829 0.136076690918053 0.985131527150484 2148.81916230006 879791.66128369 2065.82868768545 528660.749920687 0.970884214177033 5048 0.0694474
p15ex_D10 7.68200020714124 0.204431906408402 7.66904354143809 0.171826482816893 0.979672146621279 2428.53358806152 2124857.594648 2205.25959551706 673633.783992448 0.944347646720021 5091 0.109654
p15ex_D11 8.06433227292203 0.11276074069329 8.06228508368989 0.103409212517 0.991498955606621 3368.67770628558 1552493.71217663 3238.81543542143 917945.88052318 0.961658677109706 5028 0.0600279
p15ex_D12 6.80678642662959 0.251470893537039 6.80840004977671 0.244022375394997 0.99528390157548 1023.30804855095 298181.969746499 974.270088706126 193069.206207778 0.969136791208222 5097 0.117933
p15ex_E01 7.04949446182156 0.201258919773068 7.05168070464051 0.192173827859806 0.98955969869482 1273.27924286193 357511.853766793 1188.38155041915 206300.622981759 0.923215674020544 5136 0.0871731
p15ex_E02 6.33473543959265 0.230851581917726 6.34022214624606 0.219375349164049 0.988146157919693 629.035801554521 87198.6716955336 609.548380889112 67558.3621253843 0.967307176524652 5143 0.0525842
p15ex_E03 7.04583819107974 0.339404815357732 7.03309610530972 0.294701880509853 0.967135878111224 1379.70471460234 1049349.38140832 1148.90455969363 271723.916051528 0.903144875638532 5076 0.188158
p15ex_E04 6.9926183671011 0.213903026244033 6.99404558777939 0.209029375193905 0.995696044218648 1208.19443267177 327237.433503565 1145.45778049137 212658.194178753 0.947843364701781 5015 0.0992003
p15ex_E05 6.9059997570098 0.311222484197948 6.90527417500178 0.284769429398285 0.978653193555685 1170.61214104468 558675.512682056 1022.92025366089 210110.426369778 0.912596641778999 5035 0.167283
p15ex_E06 5.44633511285775 0.235748240884487 5.4614542281127 0.201181384431857 0.98862453214936 257.491941539506 13067.5843606259 248.02256442508 9846.09087469593 0.943553903431977 5090 0.113166
p15ex_E07 7.77083673647062 0.106226626902945 7.76605704202153 0.0968049798014337 0.988789848779524 2504.82446915666 838544.141286981 2434.22876022972 524810.201438668 0.97618804157875 5097 0.0398363
p15ex_E08 7.27445378970552 0.241314794035929 7.25559436410058 0.188360435294053 0.95485216735927 1648.06430421697 1121064.69386248 1458.55733518925 328523.541605974 0.933226108422588 5024 0.099375
p15ex_E09 8.02465876233424 0.149498004341595 8.01535288597916 0.131339719090501 0.985243290028336 3314.22912667425 2490898.1271658 3073.2711848837 1008617.41706881 0.943951713744465 5143 0.0860226
p15ex_E10 7.95568499116389 0.133477615489234 7.94854396974066 0.119399960882575 0.985565214995219 3060.52342250488 1684606.73642164 2883.41285582088 815599.632662342 0.946325023015393 5130 0.0711915
p15ex_E11 7.45052920086674 0.146903388759064 7.44493554683938 0.129126030369423 0.979880023094305 1858.55949762677 682771.683695701 1762.75714842255 350768.406310766 0.957419566213761 5121 0.0533737
p15ex_E12 6.82121618745119 0.292895858746853 6.82167351616624 0.274573935364069 0.981418140560564 1062.41749461389 396888.365353659 951.724960596785 181926.493724027 0.917158127808458 5052 0.149676
p15ex_F01 7.87281120648957 0.100048233013489 7.87193334961746 0.0939507710488904 0.991749068234729 2760.85920677074 851010.621984621 2696.81941871716 612616.48343304 0.97275696555228 5034 0.0422227
p15ex_F02 7.0406649157804 0.194754101715382 7.04405223337518 0.182847618687137 0.991212981467207 1256.34125289388 329994.363097957 1210.44389008424 229890.817968743 0.969703674703921 5029 0.0772149
p15ex_F03 8.06109536174574 0.131983902944938 8.0623478848076 0.125373570191086 0.996521968867841 3387.45449724377 1735269.04131722 3189.0993120893 952601.504043381 0.921384071395171 5062 0.0819948
p15ex_F04 7.4653109396504 0.10383339219225 7.46816953325845 0.0971923209597863 0.987979490993081 1837.64911887576 354164.182654142 1802.38856113237 280098.842994715 0.971503398793709 5081 0.0229519
p15ex_F05 7.33659923395676 0.224977147130026 7.31873136907773 0.18052010407646 0.960996899777793 1737.99397802812 1169898.74271734 1571.87072855437 383361.067515388 0.94602723894961 5131 0.0961275
p15ex_F06 7.63824054822534 0.18803085959312 7.62431629123369 0.159658080138149 0.979584648107849 2304.74167804211 1758654.9776912 2140.05314764966 665057.782251355 0.961968516380018 5078 0.0949517
p15ex_F07 7.51947345067162 0.0999556890564861 7.52163061798911 0.0946912133221976 0.992478080626562 1935.81980962006 372630.448856375 1909.26085168352 311189.763993363 0.978429182972893 5105 0.0238372
p15ex_F08 5.41070730761034 0.248851523142985 5.43091084823947 0.20751007160539 0.977811339535615 250.362873434942 13820.9683669006 246.140185502216 11415.0468485367 0.987944801277175 5043 0.133915
p15ex_F09 7.94494180622235 0.134099116138145 7.94929172685122 0.104901939619516 0.975841980035291 3015.09681132345 1415237.11512853 2903.64652126678 826532.504273765 0.966965920357996 5043 0.0567267
p15ex_F10 7.25306123108567 0.195705685799837 7.24440692465931 0.166982827619205 0.971287243865621 1565.34219835275 683167.792590495 1465.28095601406 307236.776335931 0.957895326476355 5126 0.077165
p15ex_F11 6.64790696588115 0.241580374934557 6.6524009095795 0.226055652977948 0.987408417686418 866.964063733254 193756.00432685 829.051857094517 130294.908790048 0.966742660127547 5066 0.085836
p15ex_F12 7.82481067694094 0.116449123258938 7.82033866897138 0.10374803218766 0.989353438303177 2659.49488872145 1118321.93799225 2566.03077168402 617162.274768397 0.973728109662625 5155 0.049522
p15ex_G01 8.21949884466116 0.118730109109379 8.20900245168815 0.101567112392752 0.984893426851692 3958.70269624156 2712519.28816768 3730.92113025814 1179212.87010642 0.948829227003815 5030 0.0637576
p15ex_G02 8.06320988580405 0.114357711424873 8.05662487450578 0.10266198490553 0.983214106335206 3372.75676857421 1721578.32003721 3248.44373384594 999995.757212828 0.967399563411365 5014 0.0590513
p15ex_G03 8.06151573088645 0.14862455573784 8.06577900013225 0.136711873311972 0.989134924122363 3404.40836519414 1724296.50104394 3298.17785013922 1194400.42635358 0.962753707250374 5131 0.0934716
p15ex_G04 8.20229791238948 0.115278891183806 8.19640787975901 0.105223480483704 0.984090971455102 3876.0252541025 2202668.01039179 3728.5647544681 1310267.48095071 0.964296920788109 5041 0.066963
p15ex_G05 8.2473058430953 0.101989095671613 8.24387780954652 0.0942629836263087 0.982988561061973 4023.1004596646 1931183.49620522 3854.75410136035 1179599.43038095 0.940890660981943 5081 0.0576764
p15ex_G06 7.73769876485353 0.0909631528214589 7.7407577679953 0.0820622113801758 0.996945922108638 2393.72941007505 489206.141684959 2367.25703066621 415440.690117 0.981216401634405 5081 0.0237743
p15ex_G07 7.24028877749675 0.342442113728083 7.21619908316831 0.271327890033736 0.93943638159461 1682.39178406079 1633297.59806416 1380.35555994483 375437.942456994 0.894943440314836 5103 0.179387
p15ex_G08 7.17301399677216 0.223656209246471 7.17487063650218 0.21420316854858 0.991894125615109 1457.37593285442 535164.41260598 1362.81127112535 313528.732109667 0.94101532519361 5025 0.119088
p15ex_G09 6.90985922815868 0.181079596220265 6.91770933249514 0.16427554689498 0.979128406872781 1093.03200048924 212559.330746969 1054.25799541127 154150.238699146 0.955080518852709 5066 0.0478763
p15ex_G10 7.91120964930811 0.105816811234597 7.91233291732961 0.102096480651069 0.995170317257728 2875.50598856166 928114.545895068 2780.5753333029 644114.749575973 0.940951756303558 5090 0.0522521
p15ex_G11 7.05790053294803 0.220601436412835 7.05469059123788 0.201130276209656 0.97924021484355 1300.83557353015 476926.894966721 1209.20079751856 237529.286407885 0.948007309466477 5065 0.0963783
p15ex_G12 7.12105962640048 0.317392400355658 7.11516282429653 0.297434759261556 0.987358149502997 1466.95665580225 1058179.69549324 1268.45288779172 345255.784539316 0.925203130082959 5144 0.197606
p15ex_H01 7.63752881586515 0.088579392095582 7.64113516331859 0.083176260934649 0.990648184794047 2165.15801309619 393620.357206695 2142.64999051018 340938.78843216 0.979207561689492 5033 0.0194327
p15ex_H02 7.0554077834332 0.219242756919975 7.05158907984222 0.198737772834412 0.983240829235503 1298.92785512279 507633.456967886 1207.94306110648 240733.658745168 0.955245910089701 5044 0.0937295
p15ex_H03 7.88935092286715 0.109236473599331 7.88304624232223 0.0958317485311553 0.980728011203289 2826.7008671641 1166343.17663915 2730.87493909728 665019.450885119 0.971189382616708 5014 0.0446281
p15ex_H04 7.79196940862523 0.0909787296968432 7.79316835772061 0.0861169628485155 0.989580554248454 2533.20684349943 610852.421501786 2480.54966476752 467969.613031431 0.967685894818986 5039 0.030533
p15ex_H05 8.09823088220471 0.104386002975673 8.09476511794839 0.0950825250401369 0.983518424300824 3469.91994547138 1483865.67842934 3354.6445341612 954699.638585439 0.962387588104387 5109 0.0529962
p15ex_H06 7.57709869166396 0.0866354677109342 7.58060649769439 0.0814869804776589 0.991777222534026 2036.70818269099 344650.573507611 2015.45619549909 301863.960023299 0.976310245333976 5112 0.0142206
p15ex_H07 7.48302881213423 0.173053091016619 7.47976059425374 0.15759616751528 0.981585313959885 1943.95135930456 815020.684546028 1800.86143150904 398969.228570298 0.925100329319227 5073 0.0841009
p15ex_H08 7.22568333341873 0.146223045502111 7.2285687764648 0.135635288457045 0.983195609463742 1476.73265374833 332881.868165919 1419.24614678167 223259.873479624 0.946077681351686 5064 0.0446295
p15ex_H09 8.45915868820641 0.086658680055578 8.45936055010657 0.080594241355935 0.997836143473422 4926.97978134207 2342343.4643754 4783.47892011259 1583459.19864856 0.959563254814578 5119 0.0507789
p15ex_H10 7.42645032926811 0.235302486921213 7.41767639141674 0.208293660436231 0.967592503265365 1901.67631321001 1164041.56710817 1690.15078474346 451373.674841191 0.910773783030333 5026 0.130736
p15ex_H11 7.96669797851727 0.139298048595762 7.95139739314065 0.111747319200438 0.963391000247186 3108.50084859188 1965815.83066819 2903.9002934709 817029.257964451 0.944012143966766 5114 0.0636657
p15ex_H12 7.7511903984574 0.124533696769191 7.7484124106881 0.115400487957076 0.989681830741408 2478.79219039476 947223.511166803 2385.60161019456 577721.967895103 0.965639205558373 5123 0.0575145
p16ex_A10_A10 9.96022169376213 0.0771721104892151 9.94172521503642 0.060945114254636 0.944703710968467 22058.8155196872 48312568.4864597 20797.7138475189 22385724.9957791 0.906755973714131 5076 0.0539397
p16ex_A11_A11 8.07186097310327 0.219485387565072 8.02707045001139 0.133943176121513 0.954198950219463 3702.1076313708 9906105.0549036 3163.46399568336 1214524.84189949 0.941868016004631 5036 0.0891166
p16ex_A12_A12 9.81366147920305 0.11366806290826 9.77970552163082 0.074150205682593 0.935646117026248 19501.1612427235 71235191.3714579 17856.2679152954 21255422.5892408 0.919644904315651 5057 0.0659269
p16ex_A1_A01 10.5023801427612 0.0868186623776239 10.5121142740556 0.0514231214521981 0.994080327083852 37669.788039369 87221178.3111613 37042.2397653466 60792590.984972 0.95634741126839 5036 0.047446
p16ex_A2_A02 10.3900339907398 0.0668126026408373 10.3893004724995 0.0650585462713185 0.997369413169173 33672.5350897708 86409068.683749 32712.419119573 58498050.8469599 0.947876283642717 5075 0.060565
p16ex_A3_A03 9.25210915777676 0.167966071458849 9.21936314170494 0.11900846952139 0.963401929692093 11494.1781186991 41211641.7747969 10025.6643420369 8791571.39918894 0.907349059728009 5127 0.104732
p16ex_A4_A04 10.749423274938 0.0750906632480621 10.751904809077 0.0644628400369859 0.995813258286054 48352.9972267401 190491852.757634 46289.7960908479 104635916.492194 0.921530951162707 5072 0.06133
p16ex_A5_A05 10.6000110334509 0.0544214072831295 10.600620547401 0.0487122521321486 0.999110620147293 41207.3133329067 97288696.9984255 40155.7393650917 64037687.4328762 0.948611816227597 5111 0.0450703
p16ex_A6_A06 9.27029503072687 0.0882620814179518 9.25552688907027 0.0730824032080459 0.968035456305856 11137.5228265726 14965658.8590449 10476.9119461904 6616136.93002965 0.925367745925721 5102 0.0593035
p16ex_A7_A07 10.7781990611784 0.121518131264949 10.7850215593189 0.0711038194429699 0.947040348559127 50803.2762152871 317591222.174611 48145.8724486331 141243687.80686 0.899115430749386 5001 0.0680726
p16ex_A8_A08 10.1302924257122 0.0869853793910238 10.1019834512179 0.0604337718382494 0.930129122906831 26313.1333029976 84086729.5858768 24417.3634212606 30770479.4270496 0.90143733846201 5062 0.054457
p16ex_A9_A09 10.4218956937918 0.078116073112156 10.4136961669236 0.0636698335631899 0.988243177963624 34975.0755457187 124155893.690038 32790.424260793 46172777.8074147 0.911654665108933 5057 0.0592839
p16ex_B10_B10 9.93266465297995 0.0792270170720712 9.90585500721436 0.0564535237161827 0.927019931357008 21499.4595842776 50201017.5691161 20114.8284857988 20175985.2172418 0.906759055806528 5038 0.0491949
p16ex_B11_B11 10.0339002268439 0.0904228776226716 10.0306171656257 0.0821592446062879 0.994747205023075 23901.6730554328 68189563.4550626 22302.8301702844 27460090.9395727 0.913532113900591 5143 0.0757443
p16ex_B12_B12 9.19095394440377 0.0843768646284815 9.17620876258685 0.0700325160621828 0.958465887569525 10259.9889806455 11502931.5400294 9754.03512276198 5941957.7844919 0.930639145544831 5130 0.0551404
p16ex_B1_B01 10.6873334030358 0.0536019267852055 10.6871375964527 0.0471427871154336 0.992828099321026 44990.4726352137 118417647.05891 43850.4873603831 76389527.1446513 0.946527597780562 5052 0.0438013
p16ex_B2_B02 10.2969114416057 0.092938073314869 10.2812137603702 0.0743425412323104 0.975808492673424 31197.1538737855 132961562.271585 29102.375418793 50178194.5597431 0.923815186600726 5148 0.0693396
p16ex_B3_B03 10.1901202644367 0.0907573233058372 10.1628417642079 0.0646371311486632 0.939450718659595 28019.1158313399 107477095.198732 26215.2100387273 40997682.5712356 0.927471182056175 5159 0.0590105
p16ex_B4_B04 9.69651682138912 0.100269357078076 9.69643583612624 0.0901132398709851 0.997401974958241 17121.6144673616 37183498.1323488 15916.866769441 15357466.3874903 0.910976412571279 5072 0.0811849
p16ex_B5_B05 10.2559287284019 0.0672524510370351 10.2508869307392 0.0609815001221117 0.988546378762998 29482.1008834938 73292844.5480551 27915.8896121516 33793252.213515 0.913387302535875 5017 0.0558257
p16ex_B6_B06 6.59344499570851 0.242254057533813 6.59288315446007 0.222163632871359 0.993212691307355 838.880832304659 894277.885717586 793.260612241176 123013.699033658 0.987438784989809 5076 0.0765698
p16ex_B7_B07 10.6632504472265 0.0654747051438136 10.667856141659 0.0451752646005851 0.99812491129106 43920.9796569167 98575600.7566402 43250.792564776 74853980.0847917 0.960327468761327 5151 0.041769
p16ex_B8_B08 10.0554248123154 0.0610217695053308 10.0531621798852 0.0563627528603483 0.994351455550977 24028.4194246407 41835773.5388687 22968.9616051925 21360384.3232176 0.915785170584041 5010 0.0500896
p16ex_B9_B09 11.0525869069086 0.0479260527844048 11.0486818849032 0.0433244499956732 0.984807021025659 64696.9117706267 232732791.55826 62174.3588721528 122330419.17825 0.90511433538853 5083 0.0409935
p16ex_C10_C10 9.58904472278354 0.0814256552149146 9.57960563085465 0.0669392641506349 0.987886320965133 15263.2485693618 28179548.0124904 14483.3157282164 11531262.6422115 0.94986524717256 5128 0.0569201
p16ex_C11_C11 9.72917730746147 0.0868643226950923 9.69767909179874 0.0554255887631712 0.953168960078368 17652.9178270509 44175727.3807184 16206.3360565912 11448690.6659333 0.908721372236117 5086 0.0465082
p16ex_C12_C12 10.4007649002366 0.0619144818483477 10.3931244810099 0.0496297923372821 0.96178321239333 33962.248964368 85148311.5728631 32679.9858188293 46302115.3847312 0.932654573956657 5019 0.0451533
p16ex_C1_C01 10.5683841013406 0.0839186459663352 10.5769908103961 0.0464618535396329 0.959617813808819 40408.7029475183 125136264.426971 39320.472293094 63848158.3295952 0.926227458578428 5061 0.0427333
p16ex_C2_C02 9.80760334369149 0.0760329667168946 9.80709728405709 0.0733960121607608 0.998536905956038 18916.8012004598 36144736.6986042 18485.6847857656 23833913.4357278 0.977418569351676 5054 0.0653924
p16ex_C3_C03 10.8109896667784 0.0911974506664137 10.8136294275593 0.080144201304018 0.995983729958547 51828.3230948376 271074194.224247 49246.3722703051 141808337.780022 0.920528784940321 5109 0.0771981
p16ex_C4_C04 10.4871709467061 0.0506221148879717 10.4854736375818 0.048655267422962 0.99357244716325 36807.1500716624 78972431.0439239 35890.5447848531 54686615.6921275 0.948314425600714 5098 0.0445714
p16ex_C5_C05 10.3104250713625 0.0785694574622369 10.3114714637872 0.0724180789847894 0.999653738124784 31241.4875958983 85727738.5511953 29370.8799664314 41878433.9894917 0.885097029434453 5031 0.0675633
p16ex_C6_C06 10.035689440376 0.0746567584043873 10.0347536782441 0.0694718163018374 0.997223079975651 23714.1751191651 49353146.3216124 22716.9115687532 26910139.1828258 0.933405982341205 5038 0.0630831
p16ex_C7_C07 10.619351083159 0.0731685440116507 10.6202811856674 0.0691196920704945 0.985873161929246 42453.2913349439 139702479.824587 41501.524410955 106554974.911065 0.946287411295014 5071 0.0655483
p16ex_C8_C08 9.11986117734551 0.122259222602679 9.08128900962556 0.0740062166417765 0.941044149462878 9845.1108472039 26513418.4211231 8900.83661753511 5463415.76575297 0.931042139997456 5015 0.0576662
p16ex_C9_C09 10.4955894109193 0.0857547039532562 10.4885553594653 0.0778971190540977 0.984631351011605 37850.1268794269 158052598.768738 35202.4735286983 66619677.5073856 0.887116740491653 5047 0.0738257
p16ex_D10_D10 10.5388719788831 0.0565606826236831 10.5367646694975 0.0462091449078131 0.980552196313577 38851.4439345552 94676855.5025566 37775.2415456435 57170338.3559234 0.938895732117972 5029 0.0423283
p16ex_D11_D11 10.5786956557999 0.0496361261563578 10.5755483674551 0.0465357388859045 0.992111108978771 40320.8642307305 95418905.0617938 39040.5529026175 57020816.5044071 0.936185093993148 5146 0.0428018
p16ex_D12_D12 10.6484058323753 0.0495273334914401 10.6391472016601 0.0426852028510465 0.962495846010706 43228.218703167 108394194.997658 41841.0963145956 66045821.5734701 0.927600133690356 5107 0.0391802
p16ex_D1_D01 10.2850202056825 0.0715498829433585 10.2829550105117 0.0639845274921851 0.995584971790449 30375.8125632973 78469702.8457768 29057.0767262423 41232130.9586825 0.932970569921051 5002 0.0589903
p16ex_D2_D02 10.286976048315 0.0758381236503141 10.2801564868558 0.0639161401886911 0.988841653595081 30546.3794676996 93163437.3397008 28842.9791219094 38530376.4078151 0.92676939719857 5049 0.058908
p16ex_D3_D03 10.9100009855803 0.0618311223235679 10.9103590353762 0.0599478678444562 0.999253914220397 56496.9754697787 229246994.947642 53856.280832828 122450967.874855 0.903743827508913 5071 0.0572724
p16ex_D4_D04 10.6279787719798 0.0796163537167303 10.6287637824424 0.0716139056558986 0.999228796069136 42940.5627743083 170568394.447224 40464.0008134174 79225139.5416642 0.905957880866531 5108 0.0680725
p16ex_D5_D05 10.0940799371265 0.100543021077229 10.0944004947082 0.0957534264022716 0.998994530416752 25508.191156251 83231949.6631629 23630.4487111046 34919029.6839654 0.89625471713458 5065 0.0897316
p16ex_D6_D06 9.8402556595574 0.0502249861320365 9.83167284376209 0.0427811644758894 0.973523266730456 19277.665577465 22857967.8233562 18754.5744089354 13845434.309662 0.955364892498215 5140 0.0349697
p16ex_D7_D07 9.72395130860688 0.0806522170521617 9.70504276133465 0.0635116871904867 0.938099057115588 17446.720432483 31172429.2789409 16307.2475946923 13642393.1802257 0.885214193953394 5073 0.0546589
p16ex_D8_D08 10.1966598152602 0.0678274965285084 10.1971494973447 0.0647345124392072 0.99846930977997 27764.8199138001 60642510.1606542 26405.3675220851 31469024.3580313 0.902672209755412 5043 0.0592962
p16ex_D9_D09 9.21608578037029 0.0783794066418722 9.20193753416738 0.0650086863501631 0.963659826742964 10489.3099697117 11317599.8759142 9933.15945405784 5355267.48844352 0.926514325994586 5011 0.050487
p16ex_E10_E10 9.82021785546183 0.0499158492591505 9.80719125428959 0.0387313209111483 0.965660552461537 18902.8072054528 23753054.2019236 18337.0948216456 12377979.2906033 0.959404571902326 5001 0.0307285
p16ex_E11_E11 10.5123620304623 0.0683526484647956 10.4931236395774 0.0518333858473198 0.946298308093451 38148.2176011521 132279768.915004 36356.6187085305 63364127.5583087 0.929537921117591 5028 0.0477805
p16ex_E12_E12 9.13648065904405 0.116138351080835 9.12155048886037 0.0978950193954256 0.977592348049705 9901.67300531009 16799579.855768 9163.50966394016 6606159.81732631 0.925543719130212 5155 0.0821852
p16ex_E1_E01 10.4831101367969 0.058126650288159 10.4691822095081 0.0468863421218984 0.961991022653003 36833.0921467705 100949145.55911 35343.6384417607 51540638.223265 0.933415257906742 5026 0.0427358
p16ex_E2_E02 9.26516050011505 0.100561241906121 9.24815818387249 0.0820713540666032 0.961377018788922 11157.858202783 17646698.2916307 10441.8007931092 7567778.5904553 0.926257557819769 5117 0.0681925
p16ex_E3_E03 10.3555790986862 0.0656144523850628 10.3455447213146 0.0558917326830491 0.980419084025283 32554.7328121857 90129179.0866556 31170.9682571858 45666470.3465319 0.940848172919689 5152 0.0511985
p16ex_E4_E04 8.97933914864502 0.116276743632397 8.95513615068949 0.0878802218956124 0.959321870059715 8477.43285491245 13981321.0932238 7865.32606239445 4921425.44386779 0.940878853473442 5079 0.0694019
p16ex_E5_E05 9.32263528996035 0.113274973557793 9.31396642182001 0.0981741974891583 0.988897614994018 11895.8207880891 23097945.7026165 10892.9078847816 7885813.67284489 0.905947020896097 5077 0.0851629
p16ex_E6_E06 10.3174991371022 0.0777134194122056 10.3173519809385 0.0621880536054343 0.993723795329728 31411.1570956866 84457850.7965789 29951.3296675904 41428723.5281496 0.924406258004516 5094 0.0573615
p16ex_E7_E07 9.97930876204698 0.0773974600047893 9.97743385688543 0.0711678851209192 0.9960361159643 22468.3192893655 49570757.0410838 21071.9358930558 20576674.9314491 0.907314032673037 5062 0.0644059
p16ex_E8_E08 10.5640961929151 0.0346062597860595 10.5625456570544 0.0329710885982197 0.989818424493929 39407.5360174879 57912589.0878274 38896.2929372859 45368869.9126848 0.96148489469515 5017 0.0291885
p16ex_E9_E09 10.8587159782494 0.0617936173421612 10.8466277473654 0.0510837578667484 0.953006556395045 53696.8500395584 213693746.957097 51438.4573162738 116451559.043652 0.915390326094643 5129 0.0482329
p16ex_F10_F10 10.6096029734345 0.0400158970591633 10.6000727103009 0.0318945524423684 0.967335791387706 41382.549223077 82620128.6043086 40283.1151794923 46806290.3409882 0.945372904814426 5123 0.0282506
p16ex_F11_F11 10.6194367260212 0.0515214247280937 10.6169666383597 0.0473446815385255 0.993820579851029 42035.2734801607 108806866.740303 40808.9488590519 64741127.4712698 0.953086068771675 5040 0.0437615
p16ex_F12_F12 10.4291581857103 0.0635330909142198 10.4075908077855 0.0460261120042404 0.937927331882046 35008.42837404 102257533.636833 33304.3462589539 46274133.1275038 0.921472628411886 5052 0.0416135
p16ex_F1_F01 9.2065222172044 0.165947217657816 9.15122029871476 0.0977002188042523 0.910902026707536 11003.6220841688 41184557.5724737 9609.07112645571 8278979.36139346 0.912024476567947 5129 0.0824396
p16ex_F2_F02 10.9749620150108 0.0924437448113338 10.9631369513789 0.0742400358990572 0.974487873850118 61342.5577514453 459807441.802624 57245.4538189608 187875196.483047 0.907926969671619 5088 0.0717016
p16ex_F3_F03 9.57993092464095 0.0712027031521387 9.56529685521084 0.0569102476716859 0.970057691729795 15047.3436181342 23523586.5822734 14450.76234888 11180564.7098379 0.958022370438772 5095 0.0467487
p16ex_F4_F04 9.31850815024805 0.0589863298819893 9.31091927760342 0.0521003049991173 0.97493772007556 11490.984232558 9270375.70518762 11168.6134995279 5943991.9292976 0.953385595284692 5085 0.03905
p16ex_F6_F06 10.3195757425805 0.0581304084888501 10.3208011351681 0.051921443668771 0.999053603440487 31190.3495986213 59346323.001128 30268.9863818074 38334224.9982794 0.94033165327242 5125 0.0471114
p16ex_F7_F07 10.25742042695 0.0578171407738637 10.2569355017098 0.0559082096705763 0.992012754345668 29344.7790203747 54286959.0086006 28620.4055649421 39151350.6210973 0.938156386599418 5023 0.0507832
p16ex_F8_F08 8.97817905549729 0.102610543629794 8.94528500363078 0.066983295758702 0.927808804300504 8402.84544522961 11810088.3817299 7750.8467382754 3693880.98096397 0.920288539623512 5023 0.048327
p16ex_F9_F09 10.0380235177448 0.0778480127234218 10.0207004257226 0.0587511124813594 0.955126962597065 23855.0579064187 58086459.2201283 22136.4947903614 20504613.6400502 0.881979340495429 5041 0.0522728
p16ex_G10_G10 9.96891216773086 0.153574769942651 9.99290524384648 0.0606623321645006 0.975369448791321 22502.2400238425 43598577.1325894 21804.3792840434 22327394.0070199 0.9169120281516 5064 0.0540032
p16ex_G11_G11 10.2563323656877 0.0821106869365735 10.2469474601111 0.0723764760850067 0.972005063050205 29715.8504895901 88845429.2159116 28498.5070695599 51078882.4842241 0.940991067791724 5031 0.0672004
p16ex_G12_G12 10.7806134888649 0.0558839563017983 10.7743293402322 0.0496961765384658 0.972738558139571 49490.7643518018 157494850.060744 48091.6742937801 102063786.41365 0.94108630148135 5114 0.0466325
p16ex_G1_G01 10.5625041684427 0.0649998658384305 10.5486887188227 0.0539411285579379 0.949238464532771 40003.70590003 126237559.516843 38179.7081420245 67645756.5040766 0.909239625677927 5003 0.0501061
p16ex_G2_G02 10.3910026672491 0.104382268130024 10.3770142480114 0.0825333307237221 0.983336233730684 34461.8563480594 184289100.369999 31670.8020571863 58216645.8055062 0.913742136022494 5124 0.0779846
p16ex_G3_G03 10.8772060519762 0.0804960025230201 10.8643381726606 0.0676620592781565 0.959989242738789 55267.0843487877 308273924.241015 51701.6131147697 137846030.268372 0.889109742720762 5045 0.0648611
p16ex_G4_G04 9.93338917573629 0.0606760614697635 9.91374570660116 0.0426991344901268 0.953164688969813 21298.630521994 38059928.5048001 20356.8278735718 16055686.9641974 0.939574545442894 5018 0.035497
p16ex_G5_G05 9.31950398614567 0.0914896168282127 9.3084504417273 0.0799943166243493 0.954524996064306 11699.757256023 15012105.4272548 11038.2776915852 8002501.81742231 0.901405969810972 5011 0.0669124
p16ex_G6_G06 10.2837197835819 0.0828838405715118 10.2822994648251 0.0772925109684509 0.996797114518861 30541.5560009582 95544001.288168 29012.9812802717 49022776.754858 0.928923198439087 5001 0.072295
p16ex_G7_G07 8.97965206384894 0.115623531744035 8.95667642583292 0.0879242265128766 0.960857883437536 8474.2812319113 13691395.4433227 7909.2590415542 5108080.76339869 0.947411434637513 5130 0.0694736
p16ex_G8_G08 9.96987041263327 0.0568827171208426 9.96400769163011 0.0468708180110818 0.985324008662945 22010.8595169455 33164496.6648227 21272.7700630088 17877637.4646901 0.943975152488902 5039 0.0400183
p16ex_G9_G09 10.4763757081574 0.0751961845674316 10.4759689760691 0.0716820210690677 0.996547880764277 36867.369162678 118707069.068416 35394.4123020626 69294897.7584106 0.931924015063533 5025 0.0675594
p16ex_H10_H10 10.2567100335933 0.0836479549972182 10.2285965109088 0.0552308504623652 0.932668674143656 29828.2658946474 111954949.572483 28016.6176114243 41023334.7477863 0.929815913754538 5052 0.0499596
p16ex_H11_H11 10.573049051476 0.0711327316024608 10.5665291918398 0.0577800526700861 0.990311690919808 40506.5477534644 145259674.94986 38460.2103393841 62340346.9630073 0.924779134183022 5041 0.0540125
p16ex_H12_H12 10.2631966548351 0.0614279121915473 10.2480451903957 0.0490983623168414 0.955622289480438 29615.8397305698 69494913.1353564 28335.6761858838 35037537.7228572 0.931149263594258 5035 0.043928
p16ex_H1_H01 10.2367774496379 0.05663539280593 10.2215288603219 0.0446035788112475 0.954029036347568 28768.5700805034 59970758.5888029 27663.2778995139 31444171.2395842 0.933492234963328 5006 0.0392953
p16ex_H2_H02 10.8383797106052 0.0624370888975534 10.8393408576066 0.0558995632213065 0.999058392729142 52511.234820962 184638522.160627 50814.127520499 114735769.630986 0.940863891106867 5055 0.053028
p16ex_H3_H03 10.4779877190911 0.0493501141155974 10.4775341955166 0.0415327294078784 0.997301456570849 36359.4440637923 66024105.1654384 35682.6140232548 45364065.7699686 0.965748922061788 5003 0.0374165
p16ex_H4_H04 10.9447547767338 0.0414013709550289 10.9404499106081 0.0380569079277749 0.980411498570188 57880.2817392314 156822342.850293 56343.2113927208 100220198.124554 0.934023472836701 5113 0.0354605
p16ex_H5_H05 10.1212209100432 0.0782168661040288 10.0895613984829 0.0508827399506707 0.920744212344031 25965.7943540525 76887848.5055066 24241.9655247437 27610761.9896879 0.912361425012044 5090 0.0448319
p16ex_H6_H06 10.3075136456653 0.0659413173672192 10.2871530734489 0.0486419563091997 0.944948587138328 31044.8385175191 85366617.984213 29526.8293824156 38657248.6501953 0.928707759780099 5113 0.0436685
p16ex_H7_H07 10.6303636663504 0.0522954137048401 10.6300423974165 0.0460224678601045 0.997747630981833 42436.8714889039 100458319.253804 41368.4059141035 63151574.9478021 0.953108105588418 5126 0.0424856
p16ex_H8_H08 10.4298539685905 0.089929016791487 10.4302421557972 0.087853309750925 0.998245283108749 35425.7888705663 121710940.650271 34821.5047747505 100018896.809054 0.972321449315419 5036 0.0835389
p16ex_H9_H09 10.8946019278652 0.0700551426981804 10.8945239188325 0.0690868591318234 0.996446226534143 55835.0490153126 235510606.640709 54650.4535414857 183516934.497175 0.949318242860224 5112 0.0663688
p1ex_A01 7.29594300223177 0.155143970498571 7.30006832457663 0.123573572881744 0.97082899207121 1590.58019712411 436829.171746953 1525.34358463838 247161.562148684 0.962330511157908 5083 0.037842
p1ex_A02 8.24990239456499 0.112742886948467 8.26164477323494 0.0927944657616446 0.986278765748448 4029.10868780792 1558937.97244954 4001.73367067047 1415651.11750776 0.987295008407579 5000 0.0568167
p1ex_A03 7.04815660529676 0.350736733691939 7.05622271767008 0.325424995593648 0.986258743776166 1356.9116072608 673315.90816528 1271.2946503348 397043.571530082 0.959939742236476 5101 0.2208
p1ex_A04 10.2218500150399 0.129008053424698 10.234638558922 0.0751794184402762 0.967646039467047 29112.6420117652 100156850.397916 28180.4106837375 53555480.6002318 0.953198037989399 5020 0.0699397
p1ex_A05 5.45465208888821 0.264206759716902 5.46370571074351 0.204429194972065 0.986383006078985 293.108634224858 1057822.13615587 257.162306935084 12693.226058949 0.996537806961983 5127 0.115408
p1ex_A06 9.86853943987981 0.169888127029779 9.88963975354928 0.135208149035265 0.980076977295744 20772.9072132413 53548685.683397 20580.6959224139 47993935.7384994 0.980875277447876 5081 0.127832
p1ex_A07 7.8269919246144 0.145158242076668 7.82782675719541 0.130415372147558 0.991580759097416 2699.52556253397 1457041.60099089 2632.18709370305 829544.171861071 0.986111232515322 5070 0.0765583
p1ex_A08 8.18371315025339 0.0888690591465178 8.18486872915792 0.0820126098269296 0.994869281830765 3741.21486849247 1269982.76999682 3695.62870201774 1032723.06851887 0.984938131895899 5125 0.0433346
p1ex_A09 8.17968842789062 0.111502113631275 8.185779377615 0.0856504431178443 0.962646486770394 3770.752222842 1802139.2819552 3671.04549389484 1121166.60703095 0.974423612556001 5050 0.0470056
p1ex_A10 10.1439345180671 0.0973840323411537 10.1486473859029 0.0700473374389975 0.992809897578303 26564.7747542202 64981809.4862887 25652.4686369 38394297.8813142 0.944197706168892 5023 0.0643409
p1ex_A11 9.85661915275816 0.125774078481015 9.87065122074996 0.1033024888881 0.985113557587305 20181.11775673 40524187.1996543 20025.0289275247 36208319.0678692 0.986456851416956 5106 0.0957865
p1ex_A12 8.04160378227288 0.107592238998336 8.04113405990077 0.0959256507841083 0.992942972559389 3280.5402168981 1424748.546024 3209.9928602045 900780.47706332 0.984216772855413 5098 0.0516815
p1ex_B01 6.97618958941192 0.202786167750986 6.97955829278072 0.183609788764215 0.977481443211165 1183.03296549737 310727.65033965 1135.60290005498 204430.758092928 0.967795101069395 5070 0.0725484
p1ex_B02 7.69078121204462 0.157941652968532 7.70484778834024 0.133885637670854 0.969378600011994 2357.63180294909 824393.82281021 2300.9820694575 644010.93696739 0.969579866589908 5010 0.0736795
p1ex_B03 7.20665630746603 0.158988324333706 7.22172292632014 0.132652982881364 0.975524747615521 1451.2533029533 298425.7716352 1423.69121876456 242130.407663702 0.974992520618306 5007 0.0411303
p1ex_B04 10.8481729309844 0.0855755255698938 10.8610907399348 0.0490260843743069 0.987839085865829 53167.4112731674 161502997.581028 52783.9427555016 123366431.773227 0.970171206216286 5040 0.046216
p1ex_B05 10.0297495867765 0.0891017073997773 10.0324252702524 0.0704053423254427 0.977150069822678 23711.17571392 53906041.5035795 23083.2292894282 34557387.1469562 0.960676699207471 5141 0.0640019
p1ex_B06 10.533594176991 0.0673004473685666 10.5420902496204 0.0548558251206222 0.97340788217255 38793.209736223 96376484.3040144 38255.1574690633 73969126.0613008 0.957308861036665 5071 0.0509955
p1ex_B07 8.01723974963764 0.103028770306352 8.01914937594136 0.0893173727596507 0.992548814414902 3204.82365646907 2358219.54034981 3155.28778441331 859611.019065369 0.995698805886213 5049 0.0441597
p1ex_B08 6.93995615864308 0.287367321559863 6.93808837574745 0.273797158332292 0.99062492856625 1196.6684136763 536928.234361026 1075.32876319813 233822.427411717 0.929883386575731 5178 0.15917
p1ex_B09 6.47474876408532 0.300756444132645 6.47796188990418 0.288887987143663 0.990422004516261 748.512572765133 172112.131552149 713.894367859701 116967.259641009 0.966811112019216 5014 0.133187
p1ex_B10 9.53835872280425 0.178456877814753 9.54076177666889 0.167372957367331 0.997611897232974 15221.5621841896 51533075.8625028 13566.1598169677 20421188.2923756 0.8756089708118 5140 0.156963
p1ex_B11 9.79524300056734 0.0881473337000216 9.79763690369937 0.0791642930804068 0.984440373130248 18746.0076709142 32379503.8325391 18406.0183385604 24210384.7849871 0.976145089593263 5015 0.0710855
p1ex_B12 10.4701363874749 0.0576987994311082 10.4704281141517 0.0518620699786532 0.997662259878623 36252.1919943888 79075301.3593438 35719.2965805818 59951709.5016368 0.976447363821684 5137 0.0477166
p1ex_C01 8.53570841590732 0.0802569883165631 8.53781275424033 0.0714790022746646 0.996705886916274 5300.26430337306 2916634.67516807 5266.72536957015 1964041.57640802 0.996585879729092 5034 0.0438202
p1ex_C02 7.18789962184223 0.306488726687633 7.19003035464562 0.280323088441602 0.98419455614604 1543.20583279812 920945.162079442 1382.5324273188 393442.895334489 0.927246823620398 5097 0.186381
p1ex_C03 7.42181108315777 0.256802499622964 7.42738440206223 0.230340984753217 0.976810791056377 1896.92510742517 1042785.85281125 1757.3937426848 560839.851167456 0.939506790181587 5139 0.15343
p1ex_C04 9.34838731863411 0.142484479404175 9.36284235053467 0.0879256716963986 0.982232888276887 12187.8547522438 18278785.5714419 11846.416577004 11367487.3342127 0.965316024171999 5041 0.075524
p1ex_C05 11.6828730913764 0.0705537429070091 11.6871281774857 0.0521244398755326 0.997929606470807 121948.096870505 770383175.324587 121249.666656708 674497707.24052 0.979102141736324 5067 0.0508916
p1ex_C06 8.59257467472476 0.143317410189013 8.59834417816369 0.127258770319372 0.991500978187863 5778.29883314227 5079815.35203757 5670.99300266775 3877251.42863867 0.985469613390625 5068 0.101161
p1ex_C07 7.13402119737317 0.338192386572132 7.13028297001829 0.318174293478418 0.994612762807373 1515.80961194375 3390854.8075502 1401.50922481823 580633.32115038 0.98052965287038 5000 0.219553
p1ex_C08 7.8231245357185 0.164760029170324 7.81466194149584 0.140657931748292 0.986092134809054 2728.87364303535 1927563.11867286 2548.55211902502 758316.209503793 0.960091035102933 5063 0.0861506
p1ex_C09 7.58495634850667 0.196088133340304 7.58665203129098 0.148174098481883 0.971446760071576 2182.14909250848 1678815.66199854 2069.8016203402 578534.826303224 0.98001398569282 5151 0.0812668
p1ex_C10 9.82881721410157 0.0558827519421214 9.82635332289701 0.052233057152849 0.994508055986554 19102.8958927239 23468964.7665502 18752.1848906273 16878451.5279391 0.970227373700552 5143 0.0443804
p1ex_C11 9.41493688103351 0.131374174208673 9.41901393102012 0.109759646741156 0.989127498728562 13071.7785150372 24538503.0129506 12638.5715592554 15277914.0718254 0.968464757101849 5063 0.0980241
p1ex_C12 9.46175709310133 0.131197250020264 9.46187634671966 0.123554471528347 0.997638084829026 13778.6772835159 32689437.9409573 12520.4262419797 12568585.5099102 0.887737202357651 5040 0.112303
p1ex_D01 7.88192853700138 0.112684082271329 7.8891267003088 0.0993634713287816 0.988437074125463 2795.24052572745 845021.715858327 2764.11560324832 718433.92970802 0.987584336812647 5087 0.0484447
p1ex_D02 7.16468615867977 0.135678955992148 7.173494408412 0.121901946034678 0.989856533918698 1376.82590888203 223719.875656254 1366.58241209452 206692.789240343 0.986140775253037 5123 0.0266798
p1ex_D03 7.47131609450768 0.237301296802912 7.4796820984005 0.197542593779688 0.97703116287195 1971.69149962083 1107763.93547043 1879.34415847477 605279.383966317 0.973925319899043 5105 0.124042
p1ex_D04 9.89436221443836 0.12489018554129 9.90575842851063 0.0977659260456799 0.990173505357623 20927.1501510767 44822687.2083084 20534.511921511 35450179.1712546 0.957764435495577 5016 0.0905066
p1ex_D05 9.95632011034597 0.129672393780154 9.96454695750492 0.104242210724609 0.984955304945758 22403.4054148935 63950956.6718774 21746.5826154427 41687339.5671309 0.964793045743263 5008 0.0973934
p1ex_D06 9.79862587175287 0.0794716624743614 9.80727186399628 0.0515643821629916 0.993300551626892 18577.4866521829 18791098.879108 18547.2597673158 17066271.709124 0.994215284700905 5132 0.0435622
p1ex_D07 7.2656757790066 0.190850608499673 7.26161346036346 0.171124332103978 0.991449754851441 1591.68528629723 1257607.14019206 1521.41775641518 367101.474250449 0.985820859607312 5055 0.0825844
p1ex_D08 7.33066383280975 0.181042019222097 7.33133150084197 0.171000557498849 0.988064033951643 1671.05700627133 569385.183074798 1578.46013974451 340807.579003678 0.941515533239704 5090 0.0875031
p1ex_D09 7.60401242815126 0.195088029810478 7.60749583093342 0.179441028555861 0.990978486751555 2213.47933639923 1452645.74132893 2159.74551604115 788344.213759115 0.989261246704776 5070 0.113759
p1ex_D10 10.1663280116343 0.0750156468987058 10.1680613675198 0.0447926207379572 0.989914251169586 26866.418813894 51517780.143764 26330.1372634834 28464575.0119645 0.972357516556441 5119 0.039195
p1ex_D11 10.0568486362971 0.154761906155585 10.0660939913275 0.135878575388694 0.991099101817088 24985.643952845 80294824.0280776 24575.9147439179 66193700.0221496 0.976087099868757 5094 0.129685
p1ex_D12 10.335425752368 0.0627364936710819 10.3369654265896 0.0528041994632013 0.998437121489823 31714.5398969574 61331507.3589125 31097.1292370135 44466600.7200432 0.964269802017972 5046 0.0480708
p1ex_E01 7.96576283652996 0.168615628907631 7.97385797549453 0.150661254539674 0.990153197907297 3118.15718834497 1605881.70776206 3064.72856731736 1255520.29333211 0.987005555470988 5021 0.103567
p1ex_E02 7.08217047082955 0.140156579513608 7.08745560152141 0.1278172673675 0.992321904294112 1274.48625277594 299170.952690582 1263.78777324677 191238.601027254 0.996826020672468 5047 0.0257506
p1ex_E03 7.79794071244049 0.24685854752564 7.81211869766533 0.209830284087041 0.972217608875088 2737.58469892865 1881602.61520012 2603.02984136289 1198764.43875546 0.960179582125135 5106 0.155197
p1ex_E04 9.54244132039854 0.0759003996405312 9.55913457675726 0.0514022225176473 0.955408868454424 14441.0028861332 14155121.7251368 14292.2334419507 10969104.1123504 0.97639165055759 5035 0.0411788
p1ex_E05 10.2340126297697 0.116394543464452 10.2478655751826 0.0935503301923691 0.985347608053108 29306.7885380399 80322323.5330263 28985.1761678787 67922446.2403973 0.97482137320446 5079 0.088379
p1ex_E06 9.96601427694852 0.0655094897631301 9.97390138146828 0.0492605935998841 0.983530736199235 21941.0423929439 28080436.0727989 21749.8341776569 22412472.3509918 0.980657682712832 5108 0.0424749
p1ex_E07 7.68500479482762 0.141262539093255 7.68101358889011 0.121811938866005 0.986865896040835 2345.32681161704 1283920.76950166 2263.50567814918 593428.267368504 0.982532568619659 5040 0.0603027
p1ex_E08 7.95975480940257 0.127059112488972 7.95683445106097 0.109582481471174 0.989824502495588 3055.71195677493 1533965.78798087 2938.18967851664 825834.860709315 0.969323528376814 5037 0.0617417
p1ex_E09 7.83190935791561 0.127642965121446 7.84234843740782 0.112135712366336 0.982678285951588 2674.23068836956 806931.767872394 2653.55495421175 730436.959042509 0.989310461576405 5086 0.058988
p1ex_E10 9.00041616875494 0.0675578734769857 9.0016237167337 0.0632351169270254 0.998080426866393 8378.56877527829 4786058.06713556 8301.7274390491 4148981.29003187 0.983927123858738 5044 0.0455746
p1ex_E11 9.8650224537709 0.0964358113066766 9.8789287291096 0.0725287097855528 0.976300396091205 20119.0328003483 35476971.4137199 19880.0867206365 27346916.7369172 0.985079643549087 5063 0.065074
p1ex_E12 9.72172407189473 0.0661065892915929 9.72438204289874 0.0563351127576803 0.998322519461338 17181.481071314 17071341.4965119 17044.2826028612 14770098.0013756 0.980223454107408 5050 0.0476498
p1ex_F01 7.40879744798435 0.140684937345007 7.4233370407861 0.112885533472524 0.982050774038689 1763.88880755073 524691.957029756 1750.17944263146 340931.579406028 0.9977239332559 5053 0.0357058
p1ex_F02 7.18656819287315 0.348351401539837 7.18899629452709 0.336457245720479 0.996454341276253 1570.77353165508 1055817.09277473 1424.53619993895 514108.625585452 0.949267252799659 5077 0.242435
p1ex_F03 7.41078791802099 0.133126892923535 7.41433359749524 0.116888547112884 0.985072693870907 1764.77413504295 437041.951751028 1711.99856657148 293942.09792217 0.96704580371046 5091 0.0391075
p1ex_F04 10.6792458005338 0.0881380241792016 10.6917118824093 0.0622270240394859 0.982870556007248 45169.9388902786 147900494.620728 44852.498067122 121842467.482017 0.984314729405241 5009 0.0589007
p1ex_F05 9.36001781454051 0.11416422839126 9.36005992442357 0.0956174550646466 0.987569616916907 12296.0039243537 20217821.5943848 11860.0482104788 11776468.8897458 0.965086309964151 5139 0.0831819
p1ex_F06 7.39512876016907 0.351243054637379 7.39910086142297 0.335529159940914 0.991208417000667 1934.68862735318 1666302.40852054 1809.87586455357 916419.315553039 0.969881751660456 5035 0.256722
p1ex_F07 8.30109673439878 0.0939034509005126 8.3060638749639 0.0858464466468482 0.992051333174957 4212.81422433774 1566291.59355123 4156.00518887031 1300181.07565066 0.974696527694316 5096 0.0513494
p1ex_F08 7.99122892962153 0.127978060798171 7.999203682077 0.111275428002678 0.989789155119148 3137.71158566508 1222253.67366597 3117.30309781437 1031489.69485296 0.995862270469756 5072 0.0652742
p1ex_F09 7.84232266744688 0.398209890350628 7.98276317676105 0.174036788692242 0.861314114946076 2984.44903218202 2329803.75155719 2940.64833362865 1909811.28008826 0.992465005585657 5022 0.12733
p1ex_F10 10.0187798397394 0.0940932323360215 10.0202777042084 0.0791680222198409 0.995405115378613 23493.8317090747 57241852.072248 22355.1279380867 30475709.1227014 0.92636201781533 5060 0.072687
p1ex_F11 10.2718417431555 0.0887678883263447 10.2860892723293 0.0721793735193787 0.968989987762988 30141.6401357115 72421387.6680406 29739.3432040912 59210876.9771103 0.962607060081365 5015 0.0672006
p1ex_F12 10.6643711504525 0.0723937088610143 10.6693674146733 0.0530388953016799 0.99590941817568 44109.2208000787 110056136.513692 43613.108020767 87574766.8756991 0.97310368625738 5125 0.0496378
p1ex_G01 7.72062368624785 0.135757741861482 7.72108631979956 0.114102790362933 0.98810882649294 2438.1435425914 2975875.59160049 2354.02321631864 578550.535605785 0.99042378950116 5004 0.0547707
p1ex_G02 7.61460977007474 0.124314198881578 7.61501653784396 0.11684399847601 0.997143078728532 2162.03257360474 1253464.35608071 2131.99871819049 499260.739355631 0.994945231837834 5010 0.0515999
p1ex_G03 6.83725877603979 0.17766673530064 6.84265309932026 0.168538272184 0.988883244776388 1013.61995119937 169265.858328316 990.300048635534 137820.042664632 0.967514638492947 5078 0.045515
p1ex_G04 9.38156586447703 0.0867501398922599 9.39631009135472 0.0620133696788317 0.983563340330954 12314.2651011983 9757249.02107391 12291.8267024976 9106167.12155232 0.994120132495632 5102 0.0500129
p1ex_G05 9.03614473782314 0.114678709408096 9.03559621712213 0.0810369651776387 0.977650304265744 8900.77694840554 12150812.4186122 8550.15459183994 5577126.53819024 0.967789624556138 5141 0.0639518
p1ex_G06 10.6071784985899 0.0593869291566449 10.610939824081 0.0472551457886425 0.995178288368637 41527.2058482997 92825566.6244068 40889.7266950045 69326355.463651 0.96145104903706 5116 0.0436504
p1ex_G07 7.81053389667511 0.108394230779645 7.81481843770324 0.0897327940599379 0.991457667517627 2620.04785794599 2660798.57969944 2574.3383932477 585187.713138716 0.997818128225513 5058 0.0352332
p1ex_G08 8.51415826902116 0.0838296699649135 8.51491982233019 0.073798181217531 0.985101603553709 5198.889947787 2494277.81109293 5093.80789934959 1773901.31384328 0.973535873012593 5097 0.0455259
p1ex_G09 7.54580747791879 0.162463440394461 7.55214377135963 0.132843718920289 0.973760713414736 2050.45727150791 800850.691436793 1982.41330762032 476490.902161983 0.976459527390105 5146 0.0638652
p1ex_G10 9.8176488286224 0.0834840346466166 9.81902689762006 0.0759195728879202 0.998431265957931 19099.7544576472 30011157.4335032 18819.5504958064 23819738.8410826 0.977935956851409 5037 0.0680098
p1ex_G11 8.35219207171751 0.154663740915495 8.35662155151571 0.123379430394734 0.972972426137726 4590.63999274466 5031670.11777755 4411.02708367141 2297662.03055883 0.978376407790498 5024 0.0904981
p1ex_G12 9.39542563825629 0.0803327634644546 9.393980028122 0.0666546591143856 0.990623698773035 12525.853867826 14930201.8763411 12218.8748774189 8902866.64510185 0.973355054908153 5088 0.0546267
p1ex_H01 7.62483669318997 0.158063906304612 7.6425498285993 0.125858797219089 0.975466293348176 2201.6904066891 679766.837544549 2172.97819415687 557244.055423758 0.98879197666716 5135 0.0621957
p1ex_H02 7.50638765836279 0.111708976196425 7.50797717615961 0.104544429972465 0.991912113235986 1922.87689366528 450990.807347956 1903.09697102672 357116.440744807 0.992675839632124 5093 0.0328378
p1ex_H03 7.69006190538553 0.109067212255482 7.69403600751689 0.100340538336902 0.993796394773089 2303.12470876324 547492.601824127 2280.62774771937 477112.83687575 0.987672434945658 5133 0.0395463
p1ex_H04 10.7793665602431 0.0599791256479136 10.78428158505 0.0410451975854977 0.995097783026332 49223.2810737114 111670341.787822 48835.1121711081 89981480.3899963 0.978568596252566 5114 0.0380117
p1ex_H05 10.2745657096656 0.0615010137106538 10.2808972723863 0.0458177440801483 0.991894582397341 29779.5034437394 45640280.7185812 29495.7515261014 35988108.8746955 0.972222152432158 5108 0.0408133
p1ex_H06 9.50348498995089 0.0913234244560357 9.49389205440332 0.0733913588499363 0.967971351114243 14076.8992594478 24814842.8412246 13507.2966504734 12611303.0093714 0.957550321329926 5023 0.0624893
p1ex_H07 8.02944113505485 0.105816207108475 8.02939549518682 0.0973158329818964 0.992323147646072 3237.00557095541 1243290.49528985 3182.19854620565 929298.678027121 0.984603338975962 5117 0.052586
p1ex_H08 7.47038833220763 0.160946523096506 7.48460750179437 0.123370275083488 0.976028315545318 1896.17631968272 775230.108738355 1856.11595031547 411470.189595435 0.990249531378037 5054 0.0501848
p1ex_H09 7.30982294502821 0.157406656931997 7.31937641826343 0.136741916731691 0.987354245029822 1614.39188395772 685698.861518566 1594.16352400181 322641.954264105 0.99608254498542 5076 0.0523953
p1ex_H10 9.93784652786857 0.0775096642860831 9.94567045181237 0.0539814696371178 0.988472966685656 21413.2591588565 30476779.9644365 21135.1562238062 22026307.6275256 0.975303332315235 5025 0.0470034
p1ex_H11 8.44387265973961 0.0906973123753261 8.44581075479721 0.0756886745105436 0.988809301205854 4859.38376738286 2475255.41870946 4768.73718495443 1591274.6691454 0.983355656472875 5152 0.045485
p1ex_H12 10.0164750392818 0.0470792676527196 10.028088074818 0.0296715639229119 0.985124823417452 22819.9019579841 16368518.7431972 22884.7396436481 14867410.4245289 0.985536160503738 5021 0.0232406
p2ex_A01 7.88607121144665 0.117195988347255 7.88523274998517 0.103439879034079 0.986222990007902 2821.78053445201 1092473.66732119 2735.86374157859 677768.69588605 0.971269831703324 5042 0.0523388
p2ex_A02 8.18527761901225 0.115541222671922 8.18166298817198 0.102339939594128 0.98060189741572 3806.95674221219 2041783.61636564 3675.80897449057 1224063.79107763 0.968668531115965 5102 0.0635452
p2ex_A03 8.06546366001775 0.125587414755614 8.05794767585625 0.105798726486616 0.977140734768717 3402.49344634237 2150825.7716523 3259.94133264466 1014690.28173569 0.971449330518589 5023 0.0622417
p2ex_A04 10.0678560528981 0.0397346029372017 10.0664590178471 0.0342889487398459 0.991162842346444 24042.0601827334 23990589.0959148 23744.6780099829 17620378.5235442 0.97259356745744 5104 0.0280979
p2ex_A05 9.84441726119914 0.122164291511623 9.84021152778315 0.0908062689213789 0.987984564838385 20018.7851327296 61344976.8356224 19029.7948863781 28617652.4313322 0.954118005202372 5027 0.0830605
p2ex_A06 9.77579765585346 0.0867718141872729 9.74198162202266 0.0480338255258461 0.929402077255561 18525.7468016947 56024814.8711042 17188.6071477288 13646291.0066688 0.93281383209722 5032 0.0394982
p2ex_A07 8.00745450682791 0.179789081708591 7.99545145804908 0.151188834244727 0.975048225004506 3314.02996825768 3309675.64365675 3066.59604222961 1209672.0153147 0.953006087772603 5026 0.105027
p2ex_A08 7.9196716948666 0.205400096847249 7.92396701678848 0.19584437812323 0.994086000854163 3033.20032246815 1831721.76295946 2929.02527586888 1360874.04194147 0.96286521334263 5133 0.146531
p2ex_A09 6.70272031163353 0.2973643557632 6.70425950715518 0.289907625984207 0.995035011204159 942.125308444996 293380.979189777 876.326593999989 169705.005962237 0.950436008928161 5044 0.154397
p2ex_A10 10.8723496935739 0.0567438095161776 10.8742488873389 0.0450924477657971 0.998160183076713 54048.7001502585 148610350.251182 53366.2383811652 115522495.710738 0.974209896485715 5119 0.042319
p2ex_A11 10.128209885776 0.0671606494085495 10.1290916451964 0.0595469142191853 0.998615891979617 25866.023717456 47200194.6525714 25301.7708867618 33575923.2378144 0.96535613110839 5050 0.0537287
p2ex_A12 11.1301849498037 0.058796132839916 11.1318622192992 0.0464126217336345 0.998742277967382 70002.7043711607 267475722.860332 68779.0946881393 192635359.980234 0.970032823250371 5046 0.0442671
p2ex_B01 5.63812711443974 0.248913948912715 5.6437936661768 0.198821081599285 0.989654057688633 350.23129997997 2252462.32111039 307.960615665897 18498.5684530863 0.995959015413403 5093 0.0509778
p2ex_B02 7.63648449130941 0.136164712735621 7.64013264785782 0.128347186548369 0.994337780705976 2213.16539420869 696669.808409459 2197.57502592317 578151.717787999 0.99567460127035 5032 0.0645466
p2ex_B03 8.27260015234294 0.123119935994666 8.26887676538437 0.109590472548973 0.990431299574444 4175.9077332561 3120238.29016582 4047.79729888655 1651985.44536443 0.981544127930838 5131 0.0738577
p2ex_B04 9.48442744752598 0.108909148554361 9.4511613751518 0.0603841886259818 0.931773063378535 14022.5060733144 40826804.3605049 12897.3750622202 9576945.94405469 0.936724995650188 5031 0.0490139
p2ex_B05 6.65137970905883 0.216466811171685 6.6473093598112 0.18799270430163 0.987870777161005 874.052542574019 492871.351165219 830.34151145792 115149.503176453 0.987837875617402 5120 0.0473115
p2ex_B06 10.7584911084622 0.0880259875136602 10.7582649267815 0.0595451803722422 0.989929949839187 48897.8140320284 202523742.761425 47525.466135071 116255959.95728 0.960667854162571 5034 0.0564321
p2ex_B07 8.22892580469978 0.0776226061450132 8.22893552949622 0.0689318677171731 0.995279476089185 3919.61023002583 4769392.38047815 3867.10423657299 1015151.39812333 0.997808501102646 5002 0.0318259
p2ex_B08 7.95885132665542 0.127088079123304 7.95801554121107 0.118004814636364 0.991484019044613 3049.22686166077 1348945.47786542 2953.913147442 876476.947372979 0.97043436409919 5158 0.0702162
p2ex_B09 7.88243337744398 0.0965024824761684 7.88436890316072 0.091881040027661 0.992591906826382 2778.48922274449 743228.5368471 2733.87714910485 608963.03783007 0.971892027576002 5047 0.0407394
p2ex_B10 10.8189410057204 0.0865749676415959 10.8196144130907 0.0729203839504525 0.996024866128017 52088.7906958848 255562064.627189 49762.9720904261 133481106.183787 0.929929610012934 5005 0.0699918
p2ex_B11 10.1498268190219 0.0550105443466578 10.1500109818974 0.0488224306632872 0.996773278804712 26274.5115351399 38442010.4758893 25934.3695701805 29640570.9285648 0.977242526518892 5063 0.0431237
p2ex_B12 9.97264011468731 0.0743291054307349 9.9696445644014 0.0659991469603009 0.994676473763996 22250.0654911987 42782965.3323593 21661.4608374996 26650570.5563107 0.965964464587068 5166 0.0591848
p2ex_C01 7.59170997533495 0.155587312048311 7.58952756331696 0.130931720891527 0.985319331933349 2154.19615726572 1375542.74876453 2068.56650711044 513474.252680084 0.982522514269891 5022 0.0641946
p2ex_C02 7.84644677845582 0.133658624158585 7.83415751154283 0.103746911100542 0.969817363842666 2755.25774594701 1933590.09299626 2598.1392800286 633458.721908579 0.967432005887749 5022 0.0502002
p2ex_C03 8.74714890214687 0.0783505143974565 8.75067941114278 0.0662059395736743 0.990706346001659 6531.47927065366 3230842.74019973 6443.87963952085 2488293.43917016 0.978087560349679 5098 0.0436735
p2ex_C04 10.7477537409467 0.0599632563720292 10.7524246436426 0.0452287287163008 0.994128415212358 47778.0616978323 118291641.167992 47176.6666266612 87925431.829782 0.969307387141896 5086 0.0420975
p2ex_C05 9.32355089450483 0.102292273086121 9.31977879966946 0.0835112504432562 0.985408373650876 11794.5122796867 17465348.0260824 11311.4936913021 9008162.45320087 0.957725534800848 5031 0.070574
p2ex_C06 9.7276793371429 0.0683156423444586 9.72938027996943 0.0622488480601111 0.996819617321085 17336.2268028054 20347211.4289476 17084.8059720222 16070633.4623285 0.973223916348221 5124 0.0536063
p2ex_C07 7.80189741896884 0.158945305082064 7.79650641345207 0.125722574368083 0.98131646860763 2659.54219819183 1769676.99305445 2514.77110060114 703418.788784668 0.967669913296624 5065 0.070307
p2ex_C08 7.7558895025043 0.212752640221623 7.76329364187765 0.186624759251768 0.972765301475837 2593.21818527011 1566102.32756487 2406.76345985278 863073.365395726 0.919655999166252 5080 0.129513
p2ex_C09 8.1018933567679 0.139559935208311 8.10509633867117 0.125087182974641 0.982082367268574 3537.97272514047 1899770.7410717 3361.82954643402 1141380.96426806 0.929940707267031 5057 0.0834052
p2ex_C10 10.1699150469431 0.0562229449035101 10.171513269753 0.0507831598116745 0.988301103140086 26844.5639670207 41706219.7592441 26478.3886699552 32422872.9752922 0.969600992005703 5041 0.0452047
p2ex_C11 6.40680212242013 0.217351855981718 6.40803608836149 0.210655408654272 0.996879352704437 674.779715911449 195454.79606138 667.378513329718 85283.6151256719 0.998002013491118 5016 0.0491326
p2ex_C12 10.1696610564618 0.0669321770532747 10.1710545652893 0.0549274340683902 0.996955885103371 26925.6323135948 47447553.928102 26444.256840566 34008950.5234189 0.970487850864025 5110 0.0493465
p2ex_D01 7.50250388052458 0.136104888097094 7.50165188362619 0.126966232707485 0.99529887889172 1948.14271458786 1063070.82256493 1913.63506049425 438442.902533496 0.994523318560761 5172 0.0548617
p2ex_D02 6.94194182025054 0.191696221893373 6.94107449467988 0.178066546964836 0.99062910902039 1140.85224273723 376147.232198213 1106.71272351607 197745.42524917 0.986810601085566 5109 0.0636979
p2ex_D03 7.26164379049241 0.135170217769812 7.26637641001185 0.124616621222331 0.991345233498377 1521.27978411344 363674.465058314 1507.27905682732 263093.186077939 0.995300287647392 5022 0.0364282
p2ex_D04 9.84055817361697 0.131557016394751 9.84793643237918 0.109381189689908 0.993083046512941 19970.3843763532 50473146.6670857 19567.9432245752 39986066.527855 0.972822919200748 5077 0.101694
p2ex_D05 9.56953944048305 0.0726374905999165 9.56260198896019 0.058465401566853 0.980089896287806 14889.0771163755 22793990.3850589 14502.2221968072 11994568.1835504 0.977143091979598 5007 0.0482769
p2ex_D06 9.32297855830375 0.124269198962011 9.31936509060166 0.0952127924057622 0.983182773612387 11937.6056017178 26678586.6636685 11437.7599475344 11140766.5408442 0.971766521964123 5134 0.0822702
p2ex_D07 6.10230178846084 0.286279064532742 6.10194064753207 0.266847114381691 0.994639388980429 522.305635030227 252293.155744118 498.656204389907 62790.3000516033 0.989943098818636 5029 0.0867646
p2ex_D08 7.36343828202938 0.158430790616791 7.38947842897499 0.118992691353159 0.961240619689886 1693.4660215371 370693.405608275 1673.74166813577 325933.071433478 0.979416733519769 5131 0.0395327
p2ex_D09 7.3171944370558 0.130545166384131 7.33732422072413 0.105200294262994 0.966509408809266 1598.47087724561 276208.628544219 1586.05274999282 251522.320139944 0.976927705029629 5095 0.022126
p2ex_D10 10.6355306202169 0.0710303789307716 10.6378344151963 0.0568116046180792 0.998540063912288 42925.663152671 120720150.943356 42030.0161963617 86429284.5994281 0.961297767088032 5156 0.053302
p2ex_D11 10.4696671398718 0.0515767353338248 10.4687155613017 0.0445327763559468 0.996555889379385 36116.3553072677 70336179.6549315 35502.4601231829 48847969.9377181 0.973147025927605 5111 0.0403803
p2ex_D12 10.5630975061861 0.0540332613573469 10.5612994770275 0.0458649084516052 0.996131049810338 39713.8902930237 93700151.9192026 38910.8306065764 61499054.3520805 0.969822715224612 5090 0.0420777
p2ex_E01 8.25804700548822 0.0984903775645734 8.24399815396472 0.072248683866068 0.977314835646653 4097.93552187211 4531686.31805577 3892.76171251803 1043077.50791365 0.973571675849151 5037 0.0356663
p2ex_E02 7.39894921030396 0.142026907892443 7.40172095336711 0.133114434653724 0.990973460238534 1750.69203075531 438621.823796408 1713.71104181185 339671.397326642 0.976492746499855 5159 0.0544849
p2ex_E03 6.4629689170057 0.224372881443195 6.46124966025468 0.203150506815677 0.988601547267395 719.678041829962 205885.365787672 696.182434546702 88569.212630095 0.990497183024835 5106 0.0460294
p2ex_E04 9.16938083637212 0.0673848630223262 9.17534076392664 0.0483679459419057 0.993995677777476 9880.68521392644 5219073.85113034 9813.8583138723 4247711.20968229 0.981101907027924 5099 0.0334632
p2ex_E05 9.48462522609598 0.0894862210837175 9.48400298527063 0.0778503571813755 0.993650446034863 13750.2599201099 18829436.1213622 13280.2728532673 11238167.6311329 0.954202200118833 5050 0.0668417
p2ex_E06 9.87473880048721 0.113662874401243 9.86944749710523 0.0952731783633087 0.987888010216787 20649.3900850991 72794534.8396934 19668.338541249 31950849.7078176 0.961297903790683 5064 0.0877482
p2ex_E07 7.32505591824606 0.174189752592852 7.33142875238571 0.150672638052027 0.989253968304807 1660.45150498263 1308062.22714526 1627.59857207467 363298.013966706 0.99696557071453 5001 0.067182
p2ex_E08 7.76331105919351 0.289759118188634 7.76656951580664 0.28029551124561 0.995088431223884 2704.5117651125 2211545.79854534 2528.70432001368 1376542.09177546 0.946537102115122 5016 0.223353
p2ex_E09 7.80407889893794 0.13713629686157 7.80511240148208 0.121390951792918 0.987713096392571 2623.3315285655 1101621.90995723 2552.63510524941 701080.04755147 0.981020467354428 5125 0.0664076
p2ex_E10 10.799783117129 0.0690188770007722 10.7986484522879 0.0599612388868811 0.994736688925495 50727.263802346 199448657.873899 49227.7277468815 122458958.751515 0.954895598548708 5044 0.0569709
p2ex_E11 10.5360453742253 0.0588060589884947 10.533178073754 0.0510704956811071 0.99451371703309 38767.7681366975 99647424.2113853 37883.5306425442 63105569.4558669 0.966470142077362 5132 0.0471758
p2ex_E12 10.4378161459969 0.0434871322898687 10.4359161744681 0.0338969814950193 0.994199518686145 34822.2752493054 51698201.849232 34355.3381826687 35702077.7184184 0.976959855973993 5059 0.0296069
p2ex_F01 7.36740491601634 0.116671969454949 7.36892048877247 0.10840937009483 0.996470994001052 1683.4733107128 877190.208322109 1667.17882601156 281688.884874601 0.999182399793644 5037 0.0275394
p2ex_F02 7.71260927247587 0.1211847466028 7.71248012760929 0.0985260086934599 0.986638825596603 2382.4859748937 1217238.37526437 2313.36808619558 505756.435937321 0.985231206032406 5138 0.0387321
p2ex_F03 8.10578135130429 0.0888905731889906 8.10631471638422 0.0805330894342415 0.992812961976874 3464.15874823976 1240314.12595051 3417.12937346161 871495.876794407 0.988903863229426 5143 0.0388986
p2ex_F04 9.98955960898649 0.077136674484592 9.97989629223582 0.0609073081053827 0.980010880844537 22707.9237380299 53129406.3694533 21655.4908306977 23552158.9526957 0.939060953286214 5099 0.0541618
p2ex_F05 9.48356946194969 0.0447005510494876 9.48222544322089 0.0386488287100654 0.996070690531655 13434.7230580597 8878678.0000352 13327.3997416571 6548901.19211365 0.990927360952586 5047 0.0276209
p2ex_F06 9.554688627936 0.0551757557087313 9.55374071502282 0.051578218443103 0.992540661637754 14510.2462738332 12641793.8832607 14226.2445019816 9032780.07881161 0.960838684404953 5051 0.0413003
p2ex_F07 8.06581417130839 0.106168405528422 8.06463202018502 0.0934427952080716 0.98468822131303 3359.30761715199 1399311.1392215 3276.88423685041 916266.002141965 0.978191554758589 5141 0.0501562
p2ex_F08 6.95670482045171 0.264129829733534 6.95596769194581 0.251441943985461 0.992789669609835 1200.29047244773 523041.600163036 1137.8892026473 277031.380363411 0.974707598391385 5047 0.138359
p2ex_F09 7.65284821910401 0.142357889116852 7.65701777874567 0.130926641310499 0.983377584908558 2259.05288192871 751782.365893817 2187.02372457054 545046.513479065 0.958850108211737 5000 0.0680811
p2ex_F10 10.5246057679858 0.0609126257751029 10.5252224222139 0.0569697218202018 0.997719874144242 38379.7872473132 98577326.8999295 37084.2069928667 59302987.5974748 0.930195081786272 5128 0.0530441
p2ex_F11 10.2109409630004 0.0762424820206462 10.1982189730158 0.0537767664033793 0.981384521676264 28330.2337443711 91507586.576551 26917.7764313357 31822078.7360872 0.946480343687915 5075 0.0483442
p2ex_F12 9.95157848964723 0.0590836939528856 9.95199972652299 0.0534208336876104 0.997969424111081 21603.0031574035 29222611.2344404 21148.8053923857 20666887.9549942 0.961747414489479 5041 0.0464863
p2ex_G01 7.22354140872385 0.182855039530722 7.22382015735665 0.155545568275844 0.986654924435484 1520.62867226242 1345412.28619254 1463.66246788882 322157.284837431 0.992140135156249 5138 0.0641814
p2ex_G02 5.56541947674243 0.210955636001362 5.57513265852308 0.187240069341409 0.98917495600887 291.529427509355 100641.288903839 285.903657329026 14607.0859894133 0.997640063579278 5130 0.0572418
p2ex_G03 7.23119889040396 0.138412180479094 7.23946419336638 0.12564549994861 0.986271585972086 1475.25994881353 275455.564177838 1449.8917065973 231812.436054606 0.967366104901352 5059 0.0354581
p2ex_G04 10.3914836546308 0.0726418721272921 10.39676465273 0.042124295777309 0.996407398425941 33471.3627634026 55240093.5078743 33030.2545096723 39983463.0728388 0.969680667275528 5003 0.0376639
p2ex_G05 10.6643599902392 0.0512623419851366 10.6570368835886 0.0441523899533573 0.976277278090414 43967.5941282858 119791108.55272 42942.4461630498 76187313.8031901 0.961422338422356 5079 0.0407093
p2ex_G06 9.44561579004474 0.0791179077058644 9.44553218329198 0.0702969264330853 0.996740895850637 13156.4644914503 15184565.8363256 12858.8985695707 10413966.2198791 0.972273480159628 5103 0.0588635
p2ex_G07 7.5706788776115 0.148286947673874 7.571289348392 0.138901043980968 0.993256856141971 2090.4521596076 818193.159101508 2051.34426291086 542626.286560332 0.989288405759326 5098 0.0710781
p2ex_G08 8.12639563602191 0.0862951982717135 8.1272748375071 0.0802217137849929 0.993789428257727 3528.86313186884 1103934.84280096 3476.17058940537 863504.177541483 0.980494617026631 5002 0.0393959
p2ex_G09 7.57544266197169 0.14634315051736 7.57216453273153 0.132445272057128 0.984056388092649 2101.43228836712 799666.934710916 2018.76820967971 471656.907989118 0.970151304180512 5062 0.0646748
p2ex_G10 10.3770958584504 0.0684948286431819 10.3793053389274 0.0488289653332723 0.997645025346678 33042.0602334854 62431608.852529 32548.1647179852 46493252.9809868 0.973708561187354 5001 0.0442905
p2ex_G11 10.6398712826109 0.0577527312078701 10.6401396152234 0.0471327260569049 0.996338597968598 42896.9812656724 103485898.876188 42017.4146574947 69236356.4172301 0.961135765417817 5101 0.0436312
p2ex_G12 11.1453999823531 0.0486800709280288 11.1444325263327 0.0397345882042059 0.996591919891635 70823.4950395044 241998314.226532 69587.0626539515 166901838.771657 0.968025237027327 5082 0.0376158
p2ex_H01 7.58967131970376 0.214281531527959 7.58737778194809 0.203649019744266 0.995504995376202 2221.75897371121 2977804.88371469 2130.84958394123 863732.521385667 0.986217309520452 5024 0.136785
p2ex_H02 6.9542935208484 0.274989993529047 6.96120903490301 0.256290231072508 0.98085839049768 1196.19036003315 408786.92279139 1104.30264992711 235057.643971173 0.925993993827004 5122 0.143658
p2ex_H03 7.31005626475331 0.114801391630301 7.31318955912316 0.109546058534481 0.994079116261712 1579.53019031648 267205.159867094 1570.88820711822 247383.218363764 0.993508489626955 5123 0.0247575
p2ex_H04 10.5885161979593 0.0494362181514845 10.5912639097165 0.0329625087426379 0.99429868747748 40512.8311758634 64463771.2777898 40191.1522768237 49344658.1324327 0.981669162539541 5137 0.0292865
p2ex_H05 10.5187555097569 0.0480412411188809 10.5191461835918 0.0436694752400847 0.998264005679044 37874.9259608416 69971163.6900549 37335.3969917012 53166716.7390443 0.971332238981681 5015 0.0397201
p2ex_H06 9.9029685688113 0.0594837995061965 9.89907934023944 0.0539639895062945 0.985733851869463 20616.1661745996 29714453.7522902 19999.3471185733 18223733.1415072 0.950873717089019 5082 0.0466565
p2ex_H07 7.36992190198273 0.130974611873135 7.36911975240751 0.115127098663371 0.99352410600752 1708.61228823136 1285476.74478336 1666.29292851687 303098.826702098 0.994481070579245 5011 0.0342709
p2ex_H08 7.47882056561995 0.101311189855693 7.48264267194554 0.0962390341642145 0.990790550582822 1858.56607184268 329294.776577701 1843.33169948948 299393.751696174 0.984375728127853 5012 0.0229281
p2ex_H09 7.30415820273827 0.129444168101045 7.30881331336102 0.119098080920324 0.985174889225699 1582.38503246185 318931.100011271 1559.47785251518 264341.723262892 0.984227751452156 5005 0.0339959
p2ex_H10 10.1593351996603 0.0463317189348942 10.1613351035194 0.0378398196176131 0.995548405574484 26392.7655893022 29764193.7598649 26146.7206615321 23616487.9911934 0.97724793279176 5124 0.0322048
p2ex_H11 10.1836559173117 0.0421893630445282 10.18458355686 0.0369351049167548 0.997808160193569 26994.870562469 28417683.3721421 26802.9796641543 23756993.2350227 0.982164520726199 5022 0.0314285
p2ex_H12 10.502603834372 0.0416801202743926 10.5009511114933 0.0377331255775468 0.994694986394219 37183.3210267654 63125893.3816848 36561.7481984281 44387995.6522036 0.9670833068788 5013 0.0337116
p3ex_A01 7.66102457154027 0.223844061344934 7.64651218913677 0.173447922301957 0.968179833713036 2403.87184693062 2387059.12848114 2153.65286401389 662163.251213316 0.944066646023483 5009 0.11001
p3ex_A02 7.46654032521125 0.141591488197761 7.47401066449171 0.129651940980975 0.983582169030315 1870.64464315336 465834.868220137 1832.36629225722 379033.383925664 0.966932990334892 5104 0.0557878
p3ex_A03 7.64052499166274 0.172184847176659 7.64449901903331 0.164695833899644 0.995526991191825 2256.48910753689 805560.15700788 2203.25558284993 661115.064506951 0.959892443944246 5112 0.101143
p3ex_A04 9.72479204706759 0.107316325891702 9.72150394662676 0.0977492920117106 0.993749615125431 17691.8572416005 42965320.5543099 16791.4811758721 22037649.8207012 0.943334829092289 5127 0.0890392
p3ex_A05 10.556447723032 0.0692847304964346 10.5559761053076 0.0663808906204971 0.997923846423461 39821.9167988062 128713124.648379 38395.1047778684 76890684.3371651 0.938942784723992 5012 0.0625735
p3ex_A06 9.94362222384769 0.0812892575018509 9.93473291354543 0.0649841633441446 0.980161060938855 21736.0383530398 52240672.7885658 20885.4211824064 25045432.2499874 0.960293391739125 5001 0.0579301
p3ex_A07 7.93975759715628 0.139388368788751 7.94055339804472 0.124700655607811 0.987461315874461 3010.6977892495 1476342.66099609 2889.49219893173 891558.291372488 0.96166414698476 5085 0.0761354
p3ex_A08 7.57218129602416 0.163721346208753 7.57213753797055 0.157752130477134 0.996060997131701 2113.87677829288 934442.460958177 2021.53205155615 546358.324073328 0.97005062796822 5063 0.08998
p3ex_A09 8.01873140918443 0.12848037466344 8.01997160462209 0.12360236324153 0.996511501974094 3238.39795442 1471252.64242581 3096.76777975211 915268.061628327 0.940276067961622 5012 0.0784792
p3ex_A10 11.1358940746512 0.0890374545917894 11.1383288460141 0.0662901093405614 0.994585177895936 71423.0680273585 453775622.714122 68385.1293095875 228648145.91104 0.934461392397807 5065 0.0641584
p3ex_A11 10.9059717423088 0.0817166695463669 10.905875344382 0.0735222749154433 0.998222858575387 56713.6631026508 285749871.076646 54919.3674399904 177186579.265851 0.955491748644754 5114 0.0708348
p3ex_A12 10.7301592942989 0.0684499467690785 10.7316803775315 0.0564449725223274 0.99872203036993 47166.8387397819 148144067.457158 46048.2229202921 99753735.3271935 0.961378802904669 5045 0.0532484
p3ex_B01 7.62329212222218 0.133605771900498 7.62104705148478 0.117276685037583 0.993483462495219 2215.21593851595 3095868.93262373 2144.88138613045 513172.469469373 0.993601140853536 5081 0.0523817
p3ex_B02 7.75278562841773 0.105872600517046 7.75548519919674 0.0962244423516354 0.992859217635523 2453.42228580517 782463.143733832 2429.79528347076 541048.792456938 0.994689651261479 5056 0.0387077
p3ex_B03 7.97413198153543 0.170902526113437 7.98000134701161 0.143173888890305 0.98572974322647 3163.59927189122 2516575.99088312 3066.2082689839 1250773.05379479 0.984875324206457 5043 0.0963471
p3ex_B04 10.4968140782968 0.0723020714453639 10.496597388063 0.0646129129126878 0.996647594501053 37531.1904055542 113941059.600164 36509.6736391099 74081342.0915171 0.959576737850578 5049 0.060574
p3ex_B05 10.1853772632821 0.083384388603676 10.1763817014463 0.0730231636738165 0.968977385913141 27693.0641233943 77361254.4195371 26611.3589139822 45708181.1375804 0.94245598071208 5122 0.0674716
p3ex_B06 11.0602566181849 0.091342394073834 11.0633845627749 0.0709584566061086 0.996517495873603 66242.0015695275 382291652.802692 64057.7045209901 232556596.56667 0.950304004163235 5104 0.0686614
p3ex_B07 7.45922678714837 0.197599824411576 7.4662935202028 0.172380080208496 0.98874370528553 1922.20412984514 1721969.45248546 1866.95986893293 554502.820922329 0.990928907995932 5042 0.0980185
p3ex_B08 7.87284745596811 0.160824962270993 7.87047000633807 0.14800308918191 0.990746251324434 2848.30534587482 1609559.19185332 2743.20117842355 964457.014767209 0.974168402870477 5005 0.0962056
p3ex_B09 7.40541369406525 0.215673247445977 7.41401009553756 0.196983165190183 0.979383138249552 1823.59391716394 707018.086910121 1741.74206985403 492071.279328008 0.947930711023259 5080 0.11918
p3ex_B10 9.92470393072201 0.104517847009276 9.92727544899784 0.094682683315904 0.997504141751862 21510.2139546711 52564153.6685703 20505.549059303 30847773.6662828 0.928061849789939 5012 0.0875763
p3ex_B11 10.9698938263797 0.0731522760475229 10.9727496682894 0.0615399903824177 0.994832210368373 60094.2664325903 252403370.198211 58794.4746345245 172896183.972247 0.958962917242062 5016 0.0590258
p3ex_B12 10.8283476243742 0.0857451551615043 10.8238033341926 0.0624009941087473 0.990732554519113 52507.6114508901 268066009.89789 50225.6825307646 123143590.567274 0.944004465348122 5029 0.0594846
p3ex_C01 7.99974343847498 0.158555125475438 7.99388201082517 0.135961279319453 0.989677514447377 3259.45873319128 4664632.74834072 3103.86868080732 1192011.18981344 0.981317464767198 5042 0.0897326
p3ex_C02 7.1733607461059 0.172718590983393 7.17654586053326 0.162892140498049 0.995771214810751 1423.59882913776 920635.991626313 1406.73467489417 302168.492122898 0.99758051145144 5060 0.0679071
p3ex_C03 7.85479343061408 0.198323964560835 7.85288475444445 0.158167588066663 0.976596506180525 2853.63557783725 2229037.34868553 2634.26209117819 874777.519347515 0.944795134879464 5027 0.105529
p3ex_C04 10.7765830944292 0.074953542427096 10.7772158294047 0.0627733822820842 0.996416183616623 49647.1229737294 198311720.829069 47915.3281257291 114537905.716485 0.944468373117113 5064 0.0597185
p3ex_C05 9.81998826787666 0.136411160059907 9.81910875186565 0.101845067967322 0.990185322672942 19615.1127724999 59673976.3301002 18315.7452552704 24518551.5615279 0.92591564405713 5037 0.093936
p3ex_C06 10.2406224612997 0.0978087667093774 10.2503675654094 0.0646279016595163 0.991922794513485 29192.6934429388 65488661.6430348 28628.4618022033 45584021.6807456 0.954679592375002 5138 0.0594694
p3ex_C07 7.35166654860054 0.278608421108615 7.34735153083912 0.251940066834844 0.990084217997726 1822.3795964367 2660834.47248385 1685.73456000701 629712.255906467 0.975310723360485 5064 0.16957
p3ex_C08 7.64200538996246 0.17636106043139 7.62502861804739 0.138585121272431 0.960466445046538 2293.81570728655 1453010.62056935 2112.43645277882 540087.389336019 0.948827786658034 5073 0.0739197
p3ex_C09 7.25736529527011 0.16027704549181 7.25873422901878 0.149194903500561 0.995273203020416 1544.08943179932 1016098.35376872 1516.16910372431 333789.788998332 0.995279653821394 5045 0.0604421
p3ex_C10 10.4923400753432 0.103515309913973 10.4961770197037 0.068802927936593 0.992683026134957 37655.3976436504 131331897.146045 36158.2160582373 68127746.9925984 0.937577662253649 5023 0.0647623
p3ex_C11 11.0613648919113 0.0810633860463099 11.0657617090887 0.0534118662543297 0.99837907865006 65672.4535817778 253760348.591959 64605.1499227866 188691907.409828 0.965644497434408 5058 0.0511202
p3ex_C12 10.8853691783162 0.0465399991698376 10.8860830354973 0.0412528861137637 0.999291554414673 54585.1815756003 138960438.393085 53550.9393296126 98920068.1856651 0.958552742138021 5022 0.0385119
p3ex_D01 8.30927510409372 0.0981564053960966 8.31220897774114 0.0853497338970765 0.993140425530444 4273.69469249768 3770816.7550694 4211.69355578532 1453327.09922809 0.993647797639849 5136 0.051053
p3ex_D02 7.69451907285657 0.199528881722166 7.70035082123515 0.163951439701914 0.967891271287446 2423.58450713716 1353868.70918797 2294.69001887133 744220.484001957 0.95964461296491 5039 0.103501
p3ex_D03 8.05701453046575 0.115111096898275 8.06110322530679 0.0953090139724873 0.98691567260812 3335.52514010188 1331534.81846293 3247.76558978285 883035.729441445 0.970224397237636 5102 0.0518799
p3ex_D04 10.001850150724 0.0925559886177609 10.0048338215022 0.0762927453421709 0.998960567283809 23018.8116081636 47691792.6807649 22086.0728436435 28738577.110216 0.926217497053007 5102 0.0697118
p3ex_D05 10.4266757499949 0.129777127730833 10.4263442647624 0.116018802176996 0.99484238295258 35967.9199915742 193716559.760339 34299.3578809805 102301823.247926 0.953106683193716 5012 0.111688
p3ex_D06 10.3057082345244 0.093115145225994 10.3079096626524 0.0818260922410871 0.998085142395756 31249.1382488059 91784176.0326015 30268.58928396 59526905.0354099 0.950478518546982 5033 0.0769541
p3ex_D07 7.65383224721122 0.231337593374775 7.64033400108909 0.184013077310455 0.976161145590384 2417.25055723015 4118350.61227234 2190.62309176356 774028.965156681 0.966768720656618 5146 0.120224
p3ex_D08 9.33022774104076 0.116682295907935 9.33520488919358 0.100437736588019 0.988430156554258 11945.9595946642 18378529.3302973 11333.0529498726 10034357.3432559 0.923028486407389 5080 0.0876949
p3ex_D09 8.84251967161578 0.164927828159392 8.82700318230131 0.123855179406433 0.976215355716622 7593.97447631213 18963156.4259021 6820.64302754152 4193300.02975934 0.933394991728165 5037 0.102928
p3ex_D10 11.3310229848788 0.114670596741405 11.3530016017903 0.0411597487395438 0.988272102084309 86458.4648658869 395185237.829684 86141.8968523701 280464683.691963 0.966380601446541 5149 0.0394389
p3ex_D11 10.3752701437335 0.174631775513518 10.395415279532 0.0648833687177516 0.992015090376632 33743.1623485628 89873443.8224952 33127.2818824013 59999182.7011804 0.960372958321505 5134 0.060417
p3ex_D12 5.30856427546402 0.313306171993435 5.32754181149807 0.22454369534501 0.983062264867929 280.629398533337 2816422.54047769 225.924890101079 10642.2142237565 0.998319927544487 5124 0.211784
p3ex_E01 8.63469973068908 0.11439318730325 8.631231110016 0.0969693429953716 0.990580143230825 5956.15144229009 4876597.52379654 5713.33874785685 2678025.29224127 0.956509664089127 5012 0.0716847
p3ex_E02 7.74864133933451 0.190741098753122 7.75548329424975 0.171494886470072 0.991940056709874 2537.33336938516 1254072.43127195 2471.79308845385 907087.025653707 0.981934096371846 5025 0.113978
p3ex_E03 7.65441471293439 0.344833241409049 7.65967587661069 0.32759464030957 0.991884618855658 2490.1072826986 2378222.76880873 2365.59134073929 1529517.5644852 0.974776925558673 5137 0.264898
p3ex_E04 10.6976939791237 0.0648286447868571 10.7056916688407 0.0228758759708727 0.997606883994763 45054.3754880002 50957588.61708 45043.3831556627 45401250.9193636 0.991548332788059 5129 0.0195955
p3ex_E05 9.9469537503917 0.086646352654185 9.94914117309656 0.0784704998301862 0.997947733701639 21780.258762743 42254044.8628351 20972.6099951227 25809487.0815479 0.92928602191079 5074 0.0715164
p3ex_E06 10.3511318032364 0.107630350186895 10.3589616969879 0.0756419532456925 0.99524735768401 32692.1969378703 88368838.6124816 32105.6360213943 67044253.7391354 0.961711306882543 5085 0.0710109
p3ex_E07 8.09252563255481 0.11940964562146 8.09448752916454 0.0989945592414369 0.992540620316539 3480.8749732228 3051484.7410113 3403.09916485316 1081538.56299428 0.991156178881297 5082 0.0568973
p3ex_E08 8.02923892320969 0.0991789666137635 8.03184257281163 0.0866129217342384 0.994366711716603 3219.93353131546 1058113.21856606 3111.87776555099 669001.780242193 0.946986888186326 5138 0.0419848
p3ex_E09 8.17952906618509 0.132191334869361 8.17656419260455 0.111976554143023 0.982593536232329 3814.96370225507 2351706.59115578 3631.5573883453 1221293.28717345 0.955522421532256 5059 0.0729955
p3ex_E10 8.93422650757058 0.0634778618844933 8.93427907585863 0.0593682153087073 0.996365787543831 7830.06923795395 4097251.27959895 7705.02332948592 3103184.80553887 0.973268080305456 5031 0.0405111
p3ex_E11 10.1572818820392 0.103938804906008 10.1433358442003 0.0670954189188742 0.979878116816261 27184.4281096637 113343683.762368 25708.4869642026 38339958.4158207 0.95290805772078 5001 0.0613588
p3ex_E12 10.7809404441447 0.0793848278268996 10.7844897630874 0.0609077968039713 0.998337655437038 49780.592579215 174455172.569123 48326.6540015167 113500546.782317 0.940307477764075 5074 0.057875
p3ex_F01 7.73862553054239 0.115966971200734 7.74051845509906 0.108404409183963 0.995633774675586 2433.87690060952 976779.47963318 2409.89535622148 610771.581041232 0.995494233978335 5068 0.0501039
p3ex_F02 7.35561252360864 0.125178538576641 7.35656829996159 0.120439109153335 0.998051424316607 1666.77847414653 723296.819232569 1657.50373534826 305287.877365986 0.999693847633021 5073 0.0387128
p3ex_F03 7.14522427986721 0.216941309159751 7.1467577689793 0.187034999860747 0.968875929377219 1413.38042607633 526224.866005962 1329.22787579546 274628.365259357 0.957004860854109 5066 0.0897189
p3ex_F04 10.8994948291722 0.11252054080046 10.9074852311401 0.0706026114269759 0.997417871164334 56542.8473654459 266871843.867689 54772.851310398 176204188.502104 0.937355981923594 5080 0.0679195
p3ex_F05 10.5408430633908 0.0950089135303216 10.5455371375346 0.0667027896388119 0.990626057941895 39409.041486378 130235089.032282 38420.6988039988 83389653.4406449 0.957071221240381 5052 0.0628557
p3ex_F06 10.1660975883991 0.0786716796374662 10.1729687954315 0.0519629202235735 0.992617434038489 26841.8023400972 42368469.2487785 26493.2818642902 31685440.9603408 0.970202408282443 5051 0.0463925
p3ex_F07 7.73829727970293 0.170280491276763 7.73673725822373 0.131629728549816 0.978475879322324 2524.60395827269 2834584.91298914 2389.51090893293 687794.482002184 0.980309112856323 5138 0.0731297
p3ex_F08 8.18943741812882 0.107389117461011 8.19169685697448 0.0950078519709058 0.990515017688788 3804.37766753669 2250738.5938348 3748.56872881915 1267227.49563098 0.992704801480707 5125 0.0565774
p3ex_F09 7.60595713830171 0.124302497679494 7.60608812242079 0.11224281668823 0.993760791565983 2145.16559963227 1161475.92599693 2090.09304675619 450023.646613014 0.986761115705553 5001 0.046479
p3ex_F10 11.1607508610603 0.0929639984579467 11.1639046076876 0.0660204830436805 0.995419177673925 73184.0959292836 457742168.851665 70563.4096905846 255774674.998542 0.942016752930468 5134 0.0639425
p3ex_F11 10.4540551489053 0.0645226984565426 10.4553775482376 0.0579300451415849 0.998499142890986 35781.9133706153 84283933.5135829 35043.9686413691 60234619.995839 0.960173150271238 5139 0.0537221
p3ex_F12 10.9826932391118 0.0466883575665378 10.9791224549084 0.0431034057391986 0.979868190987633 60266.5199135672 185682173.910762 59224.957724721 139202968.024896 0.955361671054022 5044 0.0406051
p3ex_G01 7.48577971955341 0.114498126162381 7.48884978900107 0.100603367782689 0.994346852565421 1897.77920682492 1481082.78019126 1870.59853637215 333529.076537817 0.99886430804307 5027 0.0276881
p3ex_G02 7.98575210091507 0.119343609809448 7.99562751718797 0.10180729349787 0.98701582745962 3104.77585071332 1007421.2107442 3055.62390735893 819233.524286109 0.968660279084511 5107 0.0556533
p3ex_G03 7.85443664446696 0.155107153331741 7.84845807288921 0.129582835530464 0.980773012139191 2794.90554441508 1703386.29198621 2624.10363072257 734079.458001717 0.952982986401993 5037 0.0767311
p3ex_G04 11.098106881387 0.082933380894886 11.0994198587045 0.07389410676377 0.998907882161018 68793.5758575633 438443480.045359 65510.957411658 235029857.717605 0.922088094500884 5073 0.0716781
p3ex_G05 10.2426169070874 0.0737372744176383 10.2464033962998 0.0575676296826712 0.997137480497089 28998.5361610628 53574716.4533725 28585.8003788613 41658326.7640907 0.969995489370718 5005 0.0523888
p3ex_G06 10.5292699323567 0.0658474385615762 10.5276881115977 0.0571785985904887 0.993533131737627 38655.6144979554 114552088.809468 36777.6640612326 50611535.4765418 0.911733041695403 5091 0.0532626
p3ex_G07 7.41012843839156 0.133878827031367 7.40879357585113 0.118427978480719 0.995072321972537 1783.06439844432 1505482.13594582 1737.51959552414 332047.476211358 0.994986053086838 5082 0.0402751
p3ex_G08 8.19118408470332 0.107057708881143 8.19279000318308 0.102374107114746 0.997672204014541 3804.81579994061 1627161.35576862 3688.34231546765 1147641.9890711 0.954652637417813 5058 0.0639832
p3ex_G09 7.35584370178988 0.138375628255751 7.35909664886947 0.125595004046085 0.990317415081331 1677.78593102103 546778.502093269 1651.54825383994 322045.862452684 0.992558559237448 5124 0.0440445
p3ex_G10 10.5112511153834 0.0785935596886986 10.506132241035 0.0543921242055829 0.988126574938204 38126.1130236223 132632861.443219 36796.468117934 63000428.229751 0.958524066061342 5116 0.0503913
p3ex_G11 10.0873328059104 0.0478005036251119 10.0852594328001 0.0388208641393755 0.994379013344088 24591.8579273354 29943285.9774396 24201.2181435582 20354812.1178037 0.973621984368551 5065 0.0327442
p3ex_G12 10.442651134816 0.0465710168589766 10.4430199700512 0.0445144005412907 0.99849520092175 35096.9439117004 59853361.7624199 34649.9277247247 47507239.9710399 0.970760580882145 5108 0.0402545
p3ex_H01 8.26906561358322 0.108154660783853 8.26897170593014 0.0877446675922531 0.987944969079596 4125.41491328399 2927700.78061717 3999.58114713204 1269732.19300606 0.980328133521749 5047 0.0520151
p3ex_H02 7.29428405678356 0.186311111515558 7.2981501479979 0.166006727788537 0.980198834492764 1613.28915451297 534548.304064788 1527.30114286297 309737.348973064 0.947649710260372 5119 0.0801367
p3ex_H03 7.96771377133852 0.101473324803806 7.96354852234595 0.088955520975591 0.989255486108066 3044.74192841788 1409664.4126893 2954.36638590656 706632.009158452 0.98020747909601 5013 0.0414106
p3ex_H04 10.4454178060392 0.0721447680367646 10.4460269452144 0.0611168892654556 0.995284093082132 35606.4470509026 96361833.1354008 34679.9032718267 61776036.3936881 0.958382352967343 5036 0.0568697
p3ex_H05 11.2554342599893 0.0674736300866101 11.2581838928821 0.0522839645402478 0.997383807677642 79636.4420102716 388247402.084119 77918.6771809134 266787557.839561 0.956439017560307 5073 0.0503924
p3ex_H06 10.7567231552185 0.0634219394280251 10.7572386805553 0.051655184252267 0.996726825769447 48359.0210661472 150549203.840031 47186.188802175 95455634.3530985 0.962054192646145 5066 0.0485389
p3ex_H07 7.39864775512313 0.148053843115463 7.39544778586539 0.132786049700906 0.98918106957766 1768.71897637084 978599.977108317 1709.03221806456 351396.492232082 0.985233979499582 5028 0.0537318
p3ex_H08 7.68737374516732 0.142708531099636 7.69534860700355 0.130614778832147 0.987448618045253 2332.24235362603 704240.455729474 2282.62263946174 576345.203974685 0.95524282831254 5126 0.0698922
p3ex_H09 7.94619789461642 0.103213834193653 7.94752581812237 0.0947929974919087 0.995556009599055 2979.06815297262 1684292.34327566 2926.00019512678 747349.660982246 0.989699097358285 5007 0.0465392
p3ex_H10 10.2225560972148 0.0430060067439086 10.2237396369488 0.0355213274962782 0.994438157662641 28081.8190056942 31922429.4493891 27877.5644259901 25515610.4092992 0.982835169369365 5067 0.0302246
p3ex_H11 10.4558800561749 0.0478626282702095 10.4567018578036 0.0411143039328897 0.999000995187676 35523.4681154287 57206405.3267226 35118.5522834949 45415537.7622492 0.976632361658052 5068 0.0369119
p3ex_H12 10.4071561639919 0.0416500579719212 10.4078075156944 0.0339890907861497 0.997898812936331 33720.6073307305 41813451.602051 33562.4996461251 36002757.7375571 0.990379212350112 5112 0.0295774
